0.2737174248
0.1922651598
0.1566337552
0.1354972622
0.1211112476
0.1105096636
0.1022796007
0.09565112847
0.09016420553
0.08552479491
0.08153502109
0.07498777776
0.06980074924
0.06556000877
0.06200891489
0.05762132319
0.05299984454
0.0501816307
0.04634302395
0.04326924217
0.04073597515
0.03783686225
0.03517829581
0.03301169866
0.03079421711
0.02864404129
0.02675766882
0.02498504788
0.02326155365
0.02171093119
0.02026195617
0.01888306464
0.01760204393
0.01642920397
0.01531524963
0.01428150623
0.0133195676
0.01242485792
0.01159444953
0.01081733155
0.01009575689
0.00941859037
0.008795179181
0.008209559448
0.007667448416
0.007163414819
0.006696939492
0.006264306511
0.005863933467
0.005494198687
0.005155372073
0.004844943852
0.004562696936
0.004307647199
0.00408049802
0.003880437789
0.003707774122
0.003562859557
0.003446465006
0.003358926345
0.003300877326
0.00327266899
0.003274542628
0.003306488442
0.003368243041
0.003459411908
0.003579418164
0.003727709685
0.00390381794
0.004107366566
0.004338168337
0.004596295556
0.004882047182
0.005195966981
0.005538901016
0.005911932858
0.006316319321
0.006753660258
0.007225731557
0.00773453311
0.00828234521
0.008871647175
0.009505153488
0.01018586797
0.01091698416
0.01170203567
0.01254477361
0.01344928091
0.01441995744
0.01546151311
0.01657903647
0.01777796488
0.01906417463
