0.2689023967
0.1902425162
0.1552319489
0.1343029258
0.1200568043
0.109574709
0.1014346164
0.09484424392
0.08939259625
0.08480770032
0.08088974739
0.07446092797
0.0693970198
0.06525114888
0.06176034966
0.05740240716
0.05280402963
0.0499815877
0.04614720643
0.04308882868
0.04056676132
0.03767572774
0.03500606935
0.0328228128
0.03057854322
0.02842306719
0.02653015146
0.02476065686
0.02303366142
0.02148073328
0.02004188328
0.01868188192
0.01742912812
0.01629254107
0.01521024637
0.01417556606
0.01321175547
0.0123279001
0.01150148922
0.0107245984
0.01001397317
0.009328777535
0.008681889428
0.008088865269
0.007536988914
0.007010391076
0.006528769048
0.006090015398
0.005681638685
0.005308665945
0.004995427717
0.004722878194
0.004466909127
0.004239293677
0.00405017776
0.00387312631
0.003691726425
0.003527062037
0.003371960849
0.00325415973
0.003170637641
0.003128908955
0.003141980421
0.003190029499
0.003252306148
0.003343159376
0.003470581909
0.003625090645
0.003807248018
0.004023875599
0.004243507821
0.004446463643
0.004625790157
0.00479185381
0.004961652577
0.005145838575
0.005338531318
0.005514607917
0.005663018988
0.005819630189
0.006038538765
0.006332919846
0.006702789424
0.007097880633
0.007366424191
0.007386610515
0.007277340669
0.007242761959
0.007431204574
0.007802053819
0.007994479776
0.008449880741
0.009467673064
