44222.13192
31205.16463
25461.31813
22042.53675
19711.36546
17991.45525
16655.21681
15578.38579
14686.60775
13932.30808
13283.44416
12218.30257
11374.15586
10683.82972
10105.64913
9391.130757
8638.363866
8179.243962
7553.800543
7052.901696
6640.037146
6167.49626
5734.114294
5380.894398
5019.344227
4668.732097
4361.104251
4071.996031
3790.866944
3537.902644
3301.486133
3076.465958
2867.374698
2675.894947
2493.976149
2325.096234
2167.877866
2021.567704
1885.680444
1758.405036
1640.098855
1528.920925
1426.389188
1329.856738
1240.23742
1156.601887
1078.824773
1006.23851
938.5164503
875.3093066
816.576853
761.7802172
710.7528734
663.1639169
618.9705976
577.8159255
539.5255949
503.9098965
470.8731433
440.2079842
411.8177831
385.558006
361.3559356
339.0942755
318.7269997
300.1863892
283.4426521
268.470476
255.2613122
243.8253886
234.1839371
226.3654462
220.4037184
216.3314545
214.1744228
213.9481817
215.6544059
219.2809088
224.8036869
232.1908697
241.4089836
252.4271953
265.2223627
279.7837448
296.1132411
314.2298352
334.1672574
355.9763417
379.7241272
405.4928737
433.3808783
463.5008857
495.9815451
