44057.92811
31153.65968
25436.8566
22028.96401
19703.3044
17986.5738
16652.33155
15576.82985
14685.97603
13932.34018
13283.96515
12219.47071
11375.70816
10685.61719
10107.58199
9393.181939
8640.470729
8181.352039
7555.872572
7054.914987
6641.982936
6169.344389
5735.854261
5382.533305
5020.867763
4670.132136
4362.386277
4073.158558
3791.904774
3538.820491
3302.284464
3077.143057
2867.931638
2676.334441
2494.296308
2325.297522
2167.960036
2021.530103
1885.522174
1758.123593
1639.692023
1528.384355
1425.720206
1329.049054
1239.285638
1155.498806
1077.562517
1004.807263
936.9048056
873.5038817
814.5630218
759.54006
708.265948
660.4059163
615.914352
574.4287069
535.7691713
499.7391887
466.2360333
435.0422481
406.0507581
379.1034387
354.1131264
330.9437805
309.5299293
289.7801806
271.639754
255.0557288
239.9908858
226.4279763
214.3637757
203.8078252
194.7840871
187.3270595
181.4767085
177.275194
174.7607159
173.9604979
174.8884121
177.542795
181.9085354
187.9609743
195.6718203
205.0162533
215.9774467
228.5533609
242.7584309
258.6277379
276.2184932
295.611143
316.9118026
340.2530847
365.7976242
