0.005000076706
0.01000015341
0.01500023012
0.02000030682
0.02500038353
0.03000046023
0.03500053694
0.04000061365
0.04500069035
0.05000076706
0.05500084376
0.06000092047
0.06500099718
0.07000107388
0.07500115059
0.08000122729
0.085001304
0.0900013807
0.09500145741
0.1000015341
0.1050016108
0.1100016875
0.1150017642
0.1200018409
0.1250019176
0.1300019944
0.1350020711
0.1400021478
0.1450022245
0.1500023012
0.1550023779
0.1600024546
0.1650025313
0.170002608
0.1750026847
0.1800027614
0.1850028381
0.1900029148
0.1950029915
0.2000030682
0.2050031449
0.2100032216
0.2150032983
0.2200033751
0.2250034518
0.2300035285
0.2350036052
0.2400036819
0.2450037586
0.2500038353
0.255003912
0.2600039887
0.2650040654
0.2700041421
0.2750042188
0.2800042955
0.2850043722
0.2900044489
0.2950045256
0.3000046023
0.3050046791
0.3100047558
0.3150048325
0.3200049092
0.3250049859
0.3300050626
0.3350051393
0.340005216
0.3450052927
0.3500053694
0.3550054461
0.3600055228
0.3650055995
0.3700056762
0.3750057529
0.3800058296
0.3850059063
0.3900059831
0.3950060598
0.4000061365
0.4050062132
0.4100062899
0.4150063666
0.4200064433
0.42500652
0.4300065967
0.4350066734
0.4400067501
0.4450068268
0.4500069035
0.4550069802
0.4600070569
0.4650071336
0.4700072103
0.4750072871
0.4800073638
0.4850074405
0.4900075172
0.4950075939
0.5000076706
0.5050077473
0.510007824
0.5150079007
0.5200079774
0.5250080541
0.5300081308
0.5350082075
0.5400082842
0.5450083609
0.5500084376
0.5550085143
0.5600085911
0.5650086678
0.5700087445
0.5750088212
0.5800088979
0.5850089746
0.5900090513
0.595009128
0.6000092047
0.6050092814
0.6100093581
0.6150094348
0.6200095115
0.6250095882
0.6300096649
0.6350097416
0.6400098183
0.645009895
0.6500099718
0.6550100485
0.6600101252
0.6650102019
0.6700102786
0.6750103553
0.680010432
0.6850105087
0.6900105854
0.6950106621
0.7000107388
0.7050108155
0.7100108922
0.7150109689
0.7200110456
0.7250111223
0.730011199
0.7350112758
0.7400113525
0.7450114292
0.7500115059
0.7550115826
0.7600116593
0.765011736
0.7700118127
0.7750118894
0.7800119661
0.7850120428
0.7900121195
0.7950121962
0.8000122729
0.8050123496
0.8100124263
0.815012503
0.8200125798
0.8250126565
0.8300127332
0.8350128099
0.8400128866
0.8450129633
0.85001304
0.8550131167
0.8600131934
0.8650132701
0.8700133468
0.8750134235
0.8800135002
0.8850135769
0.8900136536
0.8950137303
0.900013807
0.9050138838
0.9100139605
0.9150140372
0.9200141139
0.9250141906
0.9300142673
0.935014344
0.9400144207
0.9450144974
0.9500145741
0.9550146508
0.9600147275
0.9650148042
0.9700148809
0.9750149576
0.9800150343
0.985015111
0.9900151877
0.9950152645
1.000015341
1.005015418
1.010015495
1.015015571
1.020015648
1.025015725
1.030015801
1.035015878
1.040015955
1.045016032
1.050016108
1.055016185
1.060016262
1.065016338
1.070016415
1.075016492
1.080016568
1.085016645
1.090016722
1.095016799
1.100016875
1.105016952
1.110017029
1.115017105
1.120017182
1.125017259
1.130017336
1.135017412
1.140017489
1.145017566
1.150017642
1.155017719
1.160017796
1.165017872
1.170017949
1.175018026
1.180018103
1.185018179
1.190018256
1.195018333
1.200018409
1.205018486
1.210018563
1.21501864
1.220018716
1.225018793
1.23001887
1.235018946
1.240019023
1.2450191
1.250019176
1.255019253
1.26001933
1.265019407
1.270019483
1.27501956
1.280019637
1.285019713
1.29001979
1.295019867
1.300019944
1.30502002
1.310020097
1.315020174
1.32002025
1.325020327
1.330020404
1.33502048
1.340020557
1.345020634
1.350020711
1.355020787
1.360020864
1.365020941
1.370021017
1.375021094
1.380021171
1.385021248
1.390021324
1.395021401
1.400021478
1.405021554
1.410021631
1.415021708
1.420021784
1.425021861
1.430021938
1.435022015
1.440022091
1.445022168
1.450022245
1.455022321
1.460022398
1.465022475
1.470022552
1.475022628
1.480022705
1.485022782
1.490022858
1.495022935
1.500023012
1.505023088
1.510023165
1.515023242
1.520023319
1.525023395
1.530023472
1.535023549
1.540023625
1.545023702
1.550023779
1.555023856
1.560023932
1.565024009
1.570024086
1.575024162
1.580024239
1.585024316
1.590024392
1.595024469
1.600024546
1.605024623
1.610024699
1.615024776
1.620024853
1.625024929
1.630025006
1.635025083
1.64002516
1.645025236
1.650025313
1.65502539
1.660025466
1.665025543
1.67002562
1.675025696
1.680025773
1.68502585
1.690025927
1.695026003
1.70002608
1.705026157
1.710026233
1.71502631
1.720026387
1.725026464
1.73002654
1.735026617
1.740026694
1.74502677
1.750026847
1.755026924
1.760027
1.765027077
1.770027154
1.775027231
1.780027307
1.785027384
1.790027461
1.795027537
1.800027614
1.805027691
1.810027768
1.815027844
1.820027921
1.825027998
1.830028074
1.835028151
1.840028228
1.845028304
1.850028381
1.855028458
1.860028535
1.865028611
1.870028688
1.875028765
1.880028841
1.885028918
1.890028995
1.895029072
1.900029148
1.905029225
1.910029302
1.915029378
1.920029455
1.925029532
1.930029608
1.935029685
1.940029762
1.945029839
1.950029915
1.955029992
1.960030069
1.965030145
1.970030222
1.975030299
1.980030375
1.985030452
1.990030529
1.995030606
2.000030682
2.005030759
2.010030836
2.015030912
2.020030989
2.025031066
2.030031143
2.035031219
2.040031296
2.045031373
2.050031449
2.055031526
2.060031603
2.065031679
2.070031756
2.075031833
2.08003191
2.085031986
2.090032063
2.09503214
2.100032216
2.105032293
2.11003237
2.115032447
2.120032523
2.1250326
2.130032677
2.135032753
2.14003283
2.145032907
2.150032983
2.15503306
2.160033137
2.165033214
2.17003329
2.175033367
2.180033444
2.18503352
2.190033597
2.195033674
2.200033751
2.205033827
2.210033904
2.215033981
2.220034057
2.225034134
2.230034211
2.235034287
2.240034364
2.245034441
2.250034518
2.255034594
2.260034671
2.265034748
2.270034824
2.275034901
2.280034978
2.285035055
2.290035131
2.295035208
2.300035285
2.305035361
2.310035438
2.315035515
2.320035591
2.325035668
2.330035745
2.335035822
2.340035898
2.345035975
2.350036052
2.355036128
2.360036205
2.365036282
2.370036359
2.375036435
2.380036512
2.385036589
2.390036665
2.395036742
2.400036819
2.405036895
2.410036972
2.415037049
2.420037126
2.425037202
2.430037279
2.435037356
2.440037432
2.445037509
2.450037586
2.455037663
2.460037739
2.465037816
2.470037893
2.475037969
2.480038046
2.485038123
2.490038199
2.495038276
2.500038353
2.50503843
2.510038506
2.515038583
2.52003866
2.525038736
2.530038813
2.53503889
2.540038967
2.545039043
2.55003912
2.555039197
2.560039273
2.56503935
2.570039427
2.575039503
2.58003958
2.585039657
2.590039734
2.59503981
2.600039887
2.605039964
2.61004004
2.615040117
2.620040194
2.625040271
2.630040347
2.635040424
2.640040501
2.645040577
2.650040654
2.655040731
2.660040807
2.665040884
2.670040961
2.675041038
2.680041114
2.685041191
2.690041268
2.695041344
2.700041421
2.705041498
2.710041575
2.715041651
2.720041728
2.725041805
2.730041881
2.735041958
2.740042035
2.745042111
2.750042188
2.755042265
2.760042342
2.765042418
2.770042495
2.775042572
2.780042648
2.785042725
2.790042802
2.795042879
2.800042955
2.805043032
2.810043109
2.815043185
2.820043262
2.825043339
2.830043415
2.835043492
2.840043569
2.845043646
2.850043722
2.855043799
2.860043876
2.865043952
2.870044029
2.875044106
2.880044183
2.885044259
2.890044336
2.895044413
2.900044489
2.905044566
2.910044643
2.915044719
2.920044796
2.925044873
2.93004495
2.935045026
2.940045103
2.94504518
2.950045256
2.955045333
2.96004541
2.965045487
2.970045563
2.97504564
2.980045717
2.985045793
2.99004587
2.995045947
3.000046023
3.0050461
3.010046177
3.015046254
3.02004633
3.025046407
3.030046484
3.03504656
3.040046637
3.045046714
3.050046791
3.055046867
3.060046944
3.065047021
3.070047097
3.075047174
3.080047251
3.085047327
3.090047404
3.095047481
3.100047558
3.105047634
3.110047711
3.115047788
3.120047864
3.125047941
3.130048018
3.135048095
3.140048171
3.145048248
3.150048325
3.155048401
3.160048478
3.165048555
3.170048631
3.175048708
3.180048785
3.185048862
3.190048938
3.195049015
3.200049092
3.205049168
3.210049245
3.215049322
3.220049399
3.225049475
3.230049552
3.235049629
3.240049705
3.245049782
3.250049859
3.255049935
3.260050012
3.265050089
3.270050166
3.275050242
3.280050319
3.285050396
3.290050472
3.295050549
3.300050626
3.305050703
3.310050779
3.315050856
3.320050933
3.325051009
3.330051086
3.335051163
3.340051239
3.345051316
3.350051393
3.35505147
3.360051546
3.365051623
3.3700517
3.375051776
3.380051853
3.38505193
3.390052007
3.395052083
3.40005216
3.405052237
3.410052313
3.41505239
3.420052467
3.425052543
3.43005262
3.435052697
3.440052774
3.44505285
3.450052927
3.455053004
3.46005308
3.465053157
3.470053234
3.475053311
3.480053387
3.485053464
3.490053541
3.495053617
3.500053694
3.505053771
3.510053847
3.515053924
3.520054001
3.525054078
3.530054154
3.535054231
3.540054308
3.545054384
3.550054461
3.555054538
3.560054615
3.565054691
3.570054768
3.575054845
3.580054921
3.585054998
3.590055075
3.595055151
3.600055228
3.605055305
3.610055382
3.615055458
3.620055535
3.625055612
3.630055688
3.635055765
3.640055842
3.645055919
3.650055995
3.655056072
3.660056149
3.665056225
3.670056302
3.675056379
3.680056455
3.685056532
3.690056609
3.695056686
3.700056762
3.705056839
3.710056916
3.715056992
3.720057069
3.725057146
3.730057223
3.735057299
3.740057376
3.745057453
3.750057529
3.755057606
3.760057683
3.765057759
3.770057836
3.775057913
3.78005799
3.785058066
3.790058143
3.79505822
3.800058296
3.805058373
3.81005845
3.815058527
3.820058603
3.82505868
3.830058757
3.835058833
3.84005891
3.845058987
3.850059063
3.85505914
3.860059217
3.865059294
3.87005937
3.875059447
3.880059524
3.8850596
3.890059677
3.895059754
3.900059831
3.905059907
3.910059984
3.915060061
3.920060137
3.925060214
3.930060291
3.935060367
3.940060444
3.945060521
3.950060598
3.955060674
3.960060751
3.965060828
3.970060904
3.975060981
3.980061058
3.985061135
3.990061211
3.995061288
4.000061365
4.005061441
4.010061518
4.015061595
4.020061671
4.025061748
4.030061825
4.035061902
4.040061978
4.045062055
4.050062132
4.055062208
4.060062285
4.065062362
4.070062439
4.075062515
4.080062592
4.085062669
4.090062745
4.095062822
4.100062899
4.105062975
4.110063052
4.115063129
4.120063206
4.125063282
4.130063359
4.135063436
4.140063512
4.145063589
4.150063666
4.155063743
4.160063819
4.165063896
4.170063973
4.175064049
4.180064126
4.185064203
4.190064279
4.195064356
4.200064433
4.20506451
4.210064586
4.215064663
4.22006474
4.225064816
4.230064893
4.23506497
4.240065047
4.245065123
4.2500652
4.255065277
4.260065353
4.26506543
4.270065507
4.275065583
4.28006566
4.285065737
4.290065814
4.29506589
4.300065967
4.305066044
4.31006612
4.315066197
4.320066274
4.325066351
4.330066427
4.335066504
4.340066581
4.345066657
4.350066734
4.355066811
4.360066887
4.365066964
4.370067041
4.375067118
4.380067194
4.385067271
4.390067348
4.395067424
4.400067501
4.405067578
4.410067655
4.415067731
4.420067808
4.425067885
4.430067961
4.435068038
4.440068115
4.445068191
4.450068268
4.455068345
4.460068422
4.465068498
4.470068575
4.475068652
4.480068728
4.485068805
4.490068882
4.495068959
4.500069035
4.505069112
4.510069189
4.515069265
4.520069342
4.525069419
4.530069495
4.535069572
4.540069649
4.545069726
4.550069802
4.555069879
4.560069956
4.565070032
4.570070109
4.575070186
4.580070263
4.585070339
4.590070416
4.595070493
4.600070569
4.605070646
4.610070723
4.615070799
4.620070876
4.625070953
4.63007103
4.635071106
4.640071183
4.64507126
4.650071336
4.655071413
4.66007149
4.665071567
4.670071643
4.67507172
4.680071797
4.685071873
4.69007195
4.695072027
4.700072103
4.70507218
4.710072257
4.715072334
4.72007241
4.725072487
4.730072564
4.73507264
4.740072717
4.745072794
4.750072871
4.755072947
4.760073024
4.765073101
4.770073177
4.775073254
4.780073331
4.785073407
4.790073484
4.795073561
4.800073638
4.805073714
4.810073791
4.815073868
4.820073944
4.825074021
4.830074098
4.835074175
4.840074251
4.845074328
4.850074405
4.855074481
4.860074558
4.865074635
4.870074711
4.875074788
4.880074865
4.885074942
4.890075018
4.895075095
4.900075172
4.905075248
4.910075325
4.915075402
4.920075479
4.925075555
4.930075632
4.935075709
4.940075785
4.945075862
4.950075939
4.955076015
4.960076092
4.965076169
4.970076246
4.975076322
4.980076399
4.985076476
4.990076552
4.995076629
5.000076706
5.005076783
5.010076859
5.015076936
5.020077013
5.025077089
5.030077166
5.035077243
5.040077319
5.045077396
5.050077473
5.05507755
5.060077626
5.065077703
5.07007778
5.075077856
5.080077933
5.08507801
5.090078087
5.095078163
5.10007824
5.105078317
5.110078393
5.11507847
5.120078547
5.125078623
5.1300787
5.135078777
5.140078854
5.14507893
5.150079007
5.155079084
5.16007916
5.165079237
5.170079314
5.175079391
5.180079467
5.185079544
5.190079621
5.195079697
5.200079774
5.205079851
5.210079927
5.215080004
5.220080081
5.225080158
5.230080234
5.235080311
5.240080388
5.245080464
5.250080541
5.255080618
5.260080695
5.265080771
5.270080848
5.275080925
5.280081001
5.285081078
5.290081155
5.295081231
5.300081308
5.305081385
5.310081462
5.315081538
5.320081615
5.325081692
5.330081768
5.335081845
5.340081922
5.345081999
5.350082075
5.355082152
5.360082229
5.365082305
5.370082382
5.380082535
5.385082612
5.390082689
5.395082766
5.400082842
5.405082919
5.410082996
5.415083072
5.420083149
5.425083226
5.430083303
5.435083379
5.440083456
5.445083533
5.450083609
5.455083686
5.460083763
5.465083839
5.470083916
5.475083993
5.48008407
5.485084146
5.4950843
5.500084376
5.505084453
5.51008453
5.515084607
5.520084683
5.52508476
5.530084837
5.535084913
5.54008499
5.545085067
5.550085143
5.55508522
5.560085297
5.565085374
5.575085527
5.580085604
5.58508568
5.590085757
5.595085834
5.600085911
5.605085987
5.610086064
5.615086141
5.620086217
5.625086294
5.630086371
5.635086447
5.645086601
5.650086678
5.655086754
5.660086831
5.665086908
5.670086984
5.675087061
5.680087138
5.685087215
5.690087291
5.695087368
5.705087521
5.710087598
5.715087675
5.720087751
5.725087828
5.730087905
5.735087982
5.740088058
5.745088135
5.750088212
5.760088365
5.765088442
5.770088519
5.775088595
5.780088672
5.785088749
5.790088825
5.795088902
5.800088979
5.810089132
5.815089209
5.820089286
5.825089362
5.830089439
5.835089516
5.840089592
5.845089669
5.855089823
5.860089899
5.865089976
5.870090053
5.875090129
5.880090206
5.885090283
5.890090359
5.900090513
5.90509059
5.910090666
5.915090743
5.92009082
5.925090896
5.930090973
5.940091126
5.945091203
5.95009128
5.955091357
5.960091433
5.96509151
5.970091587
5.98009174
5.985091817
5.990091894
5.99509197
6.000092047
6.005092124
6.015092277
6.020092354
6.02509243
6.030092507
6.035092584
6.040092661
6.050092814
6.055092891
6.060092967
6.065093044
6.070093121
6.075093198
6.085093351
6.090093428
6.095093504
6.100093581
6.105093658
6.110093734
6.120093888
6.125093965
6.130094041
6.135094118
6.140094195
6.145094271
6.155094425
6.160094502
6.165094578
6.170094655
6.175094732
6.185094885
6.190094962
6.195095038
6.200095115
6.205095192
6.215095345
6.220095422
6.225095499
6.230095575
6.235095652
6.245095806
6.250095882
6.255095959
6.260096036
6.265096112
6.275096266
6.280096342
6.285096419
6.290096496
6.295096573
6.305096726
6.310096803
6.315096879
6.320096956
6.325097033
6.335097186
6.340097263
6.34509734
6.350097416
6.36009757
6.365097646
6.370097723
6.3750978
6.380097877
6.39009803
6.395098107
6.400098183
6.40509826
6.415098414
6.42009849
6.425098567
6.430098644
6.440098797
6.445098874
6.45009895
6.455099027
6.465099181
6.470099257
6.475099334
6.480099411
6.490099564
6.495099641
6.500099718
6.505099794
6.515099948
6.520100024
6.525100101
6.530100178
6.540100331
6.545100408
6.550100485
6.555100561
6.565100715
6.570100791
6.575100868
6.580100945
6.590101098
6.595101175
6.600101252
6.605101328
6.615101482
6.620101558
6.625101635
6.635101789
6.640101865
6.645101942
6.650102019
6.660102172
6.665102249
6.670102326
6.680102479
6.685102556
6.690102632
6.695102709
6.705102862
6.710102939
6.715103016
6.725103169
6.730103246
6.735103323
6.740103399
6.750103553
6.75510363
6.760103706
6.77010386
6.775103936
6.780104013
6.790104166
6.795104243
6.80010432
6.805104397
6.81510455
6.820104627
6.825104703
6.835104857
6.840104934
6.84510501
6.855105164
6.86010524
6.865105317
6.87510547
6.880105547
6.885105624
6.895105777
6.900105854
6.905105931
6.915106084
6.920106161
6.925106238
6.935106391
6.940106468
6.945106544
6.955106698
6.960106774
6.965106851
6.975107005
6.980107081
6.985107158
6.995107311
7.000107388
7.005107465
7.015107618
7.020107695
7.025107772
7.035107925
7.040108002
7.045108078
7.055108232
7.060108309
7.070108462
7.075108539
7.080108615
7.090108769
7.095108846
7.100108922
7.110109076
7.115109152
7.120109229
7.130109382
7.135109459
7.145109613
7.150109689
7.155109766
7.165109919
7.170109996
7.18011015
7.185110226
7.190110303
7.200110456
7.205110533
7.21011061
7.220110763
7.22511084
7.235110993
7.24011107
7.245111147
7.2551113
7.260111377
7.27011153
7.275111607
7.280111684
7.290111837
7.295111914
7.305112067
7.310112144
7.315112221
7.325112374
7.330112451
7.340112604
7.345112681
7.350112758
7.360112911
7.365112988
7.375113141
7.380113218
7.390113371
7.395113448
7.400113525
7.410113678
7.415113755
7.425113908
7.430113985
7.440114138
7.445114215
7.450114292
7.460114445
7.465114522
7.475114675
7.480114752
7.490114905
7.495114982
7.500115059
7.510115212
7.515115289
7.525115442
7.530115519
7.540115672
7.545115749
7.555115902
7.560115979
7.570116133
7.575116209
7.580116286
7.590116439
7.595116516
7.60511667
7.610116746
7.6201169
7.625116976
7.63511713
7.640117206
7.65011736
7.655117437
7.66511759
7.670117667
7.68011782
7.685117897
7.69511805
7.700118127
7.705118204
7.715118357
7.720118434
7.730118587
7.735118664
7.745118817
7.750118894
7.760119047
7.765119124
7.775119278
7.780119354
7.790119508
7.795119584
7.805119738
7.810119814
7.820119968
7.825120045
7.835120198
7.840120275
7.850120428
7.855120505
7.865120658
7.870120735
7.880120888
7.885120965
7.895121118
7.905121272
7.910121349
7.920121502
7.925121579
7.935121732
7.940121809
7.950121962
7.955122039
7.965122192
7.970122269
7.980122422
7.985122499
7.995122653
8.000122729
8.010122883
8.020123036
8.025123113
8.035123266
8.040123343
8.050123496
8.055123573
8.065123726
8.070123803
8.080123957
8.085124033
8.095124187
8.10512434
8.110124417
8.12012457
8.125124647
8.1351248
8.140124877
8.15012503
8.160125184
8.165125261
8.175125414
8.180125491
8.190125644
8.195125721
8.205125874
8.215126028
8.220126104
8.230126258
8.235126334
8.245126488
8.250126565
8.260126718
8.270126871
8.275126948
8.285127102
8.290127178
8.300127332
8.310127485
8.315127562
8.325127715
8.330127792
8.340127945
8.350128099
8.355128175
8.365128329
8.370128406
8.380128559
8.390128712
8.395128789
8.405128942
8.415129096
8.420129173
8.430129326
8.435129403
8.445129556
8.45512971
8.460129786
8.47012994
8.480130093
8.48513017
8.495130323
8.5001304
8.510130553
8.520130707
8.525130783
8.535130937
8.54513109
8.550131167
8.56013132
8.570131474
8.57513155
8.585131704
8.595131857
8.600131934
8.610132087
8.620132241
8.625132318
8.635132471
8.645132624
8.650132701
8.660132854
8.670133008
8.675133085
8.685133238
8.695133391
8.700133468
8.710133622
8.720133775
8.725133852
8.735134005
8.745134158
8.750134235
8.760134389
8.770134542
8.775134619
8.785134772
8.795134926
8.800135002
8.810135156
8.820135309
8.830135462
8.835135539
8.845135693
8.855135846
8.860135923
8.870136076
8.88013623
8.885136306
8.89513646
8.905136613
8.915136766
8.920136843
8.930136997
8.94013715
8.945137227
8.95513738
8.965137534
8.975137687
8.980137764
8.990137917
9.00013807
9.010138224
9.015138301
9.025138454
9.035138607
9.045138761
9.050138838
9.060138991
9.070139144
9.075139221
9.085139374
9.095139528
9.105139681
9.115139835
9.120139911
9.130140065
9.140140218
9.150140372
9.155140448
9.165140602
9.175140755
9.185140909
9.190140985
9.200141139
9.210141292
9.220141446
9.225141522
9.235141676
9.245141829
9.255141982
9.265142136
9.270142213
9.280142366
9.290142519
9.300142673
9.310142826
9.315142903
9.325143056
9.33514321
9.345143363
9.35014344
9.360143593
9.370143747
9.3801439
9.390144054
9.400144207
9.405144284
9.415144437
9.42514459
9.435144744
9.445144897
9.450144974
9.460145127
9.470145281
9.480145434
9.490145588
9.500145741
9.505145818
9.515145971
9.525146125
9.535146278
9.545146431
9.555146585
9.560146662
9.570146815
9.580146968
9.590147122
9.600147275
9.610147429
9.615147505
9.625147659
9.635147812
9.645147966
9.655148119
9.665148272
9.675148426
9.680148502
9.690148656
9.700148809
9.710148963
9.720149116
9.73014927
9.740149423
9.750149576
9.755149653
9.765149806
9.77514996
9.785150113
9.795150267
9.80515042
9.815150574
9.825150727
9.830150804
9.840150957
9.85015111
9.860151264
9.870151417
9.880151571
9.890151724
9.900151877
9.910152031
9.920152184
9.930152338
9.935152414
9.945152568
9.955152721
9.965152875
9.975153028
9.985153181
9.995153335
10.00515349
10.01515364
10.0251538
10.03515395
10.0451541
10.05515426
10.06015433
10.07015449
10.08015464
10.09015479
10.10015495
10.1101551
10.12015525
10.13015541
10.14015556
10.15015571
10.16015587
10.17015602
10.18015617
10.19015633
10.20015648
10.21015663
10.22015679
10.23015694
10.24015709
10.25015725
10.2601574
10.27015755
10.28015771
10.28515778
10.29515794
10.30515809
10.31515824
10.3251584
10.33515855
10.3451587
10.35515886
10.36515901
10.37515916
10.38515932
10.39515947
10.40515962
10.41515978
10.42515993
10.43516009
10.44516024
10.45516039
10.46516055
10.4751607
10.48516085
10.50016108
10.51016124
10.52016139
10.53016154
10.5401617
10.55016185
10.560162
10.57016216
10.58016231
10.59016246
10.60016262
10.61016277
10.62016292
10.63016308
10.64016323
10.65016338
10.66016354
10.67016369
10.68016384
10.690164
10.70016415
10.7101643
10.72016446
10.73516469
10.74516484
10.75516499
10.76516515
10.7751653
10.78516545
10.79516561
10.80516576
10.81516591
10.82516607
10.83516622
10.84516637
10.85516653
10.87016676
10.88016691
10.89016707
10.90016722
10.91016737
10.92016753
10.93016768
10.94016783
10.95016799
10.96016814
10.97516837
10.98516852
10.99516868
11.00516883
11.01516898
11.02516914
11.03516929
11.04516944
11.06016967
11.07016983
11.08016998
11.09017013
11.10017029
11.11017044
11.12017059
11.13017075
11.14517098
11.15517113
11.16517128
11.17517144
11.18517159
11.19517174
11.21017197
11.22017213
11.23017228
11.24017243
11.25017259
11.26017274
11.27517297
11.28517313
11.29517328
11.30517343
11.31517359
11.32517374
11.34017397
11.35017412
11.36017428
11.37017443
11.38017458
11.39517481
11.40517497
11.41517512
11.42517527
11.43517543
11.44517558
11.46017581
11.47017596
11.48017612
11.49017627
11.5051765
11.51517665
11.52517681
11.53517696
11.54517711
11.56017734
11.5701775
11.58017765
11.5901778
11.60517803
11.61517819
11.62517834
11.63517849
11.65017872
11.66017888
11.67017903
11.68017918
11.69017934
11.70517957
11.71517972
11.72517988
11.74018011
11.75018026
11.76018041
11.77018057
11.7851808
11.79518095
11.8051811
11.81518126
11.83018149
11.84018164
11.85018179
11.86518202
11.87518218
11.88518233
11.89518248
11.91018271
11.92018287
11.93018302
11.94518325
11.9551834
11.96518356
11.97518371
11.99018394
12.00018409
12.01018425
12.02518448
12.03518463
12.04518478
12.06018501
12.07018517
12.08018532
12.09518555
12.1051857
12.11518586
12.13018609
12.14018624
12.1501864
12.16518663
12.17518678
12.18518693
12.20018716
12.21018732
12.22018747
12.2351877
12.24518785
12.25518801
12.27018824
12.28018839
12.29518862
12.30518877
12.31518893
12.33018916
12.34018931
12.35018946
12.36518969
12.37518985
12.39019008
12.40019023
12.41019038
12.42519061
12.43519077
12.44519092
12.46019115
12.4701913
12.48519153
12.49519169
12.50519184
12.52019207
12.53019222
12.54519245
12.55519261
12.57019284
12.58019299
12.59019315
12.60519338
12.61519353
12.63019376
12.64019391
12.65519414
12.6651943
12.67519445
12.69019468
12.70019483
12.71519506
12.72519522
12.74019545
12.7501956
12.76519583
12.77519598
12.78519614
12.80019637
12.81019652
12.82519675
12.8351969
12.85019713
12.86019729
12.87519752
12.88519767
12.9001979
12.91019805
12.92519828
12.93519844
12.95019867
12.96019882
12.97519905
12.9851992
13.00019944
13.01019959
13.02519982
13.03519997
13.0502002
13.06020036
13.07520059
13.08520074
13.10020097
13.11020112
13.12520135
13.13520151
13.15020174
13.16020189
13.17520212
13.18520227
13.2002025
13.21520273
13.22520289
13.24020312
13.25020327
13.2652035
13.27520365
13.29020388
13.30020404
13.31520427
13.3302045
13.34020465
13.35520488
13.36520503
13.38020526
13.39020542
13.40520565
13.42020588
13.43020603
13.44520626
13.45520642
13.47020665
13.48520688
13.49520703
13.51020726
13.52020741
13.53520764
13.55020787
13.56020803
13.57520826
13.58520841
13.60020864
13.61520887
13.62520902
13.64020925
13.65020941
13.66520964
13.68020987
13.69021002
13.70521025
13.72021048
13.73021063
13.74521086
13.76021109
13.77021125
13.78521148
13.80021171
13.81021186
13.82521209
13.84021232
13.85021248
13.86521271
13.88021294
13.89021309
13.90521332
13.92021355
13.9302137
13.94521393
13.96021416
13.97021432
13.98521455
14.00021478
14.01021493
14.02521516
14.04021539
14.05021554
14.06521577
14.080216
14.09521623
14.10521639
14.12021662
14.13521685
14.145217
14.16021723
14.17521746
14.19021769
14.20021784
14.21521807
14.2302183
14.24521853
14.25521869
14.27021892
14.28521915
14.30021938
14.31021953
14.32521976
14.34021999
14.35522022
14.36522038
14.38022061
14.39522084
14.41022107
14.42022122
14.43522145
14.45022168
14.46522191
14.48022214
14.49022229
14.50522252
14.52022275
14.53522298
14.55022321
14.56022337
14.5752236
14.59022383
14.60522406
14.62022429
14.63022444
14.64522467
14.6602249
14.67522513
14.69022536
14.70522559
14.71522575
14.73022598
14.74522621
14.76022644
14.77522667
14.7902269
14.80022705
14.81522728
14.83022751
14.84522774
14.86022797
14.8752282
14.89022843
14.90022858
14.91522881
14.93022904
14.94522927
14.9602295
14.97522973
14.99022996
15.00523019
15.02023042
15.03023058
15.04523081
15.06023104
15.07523127
15.0902315
15.10523173
15.12023196
15.13523219
15.15023242
15.16523265
15.1752328
15.19023303
15.20523326
15.22023349
15.23523372
15.25023395
15.26523418
15.28023441
15.29523464
15.31023487
15.3252351
15.34023533
15.35523556
15.37023579
15.38523602
15.40023625
15.41523648
15.43023671
15.44523694
15.46023717
15.47023733
15.48523756
15.50023779
15.51523802
15.53023825
15.54523848
15.56023871
15.57523894
15.59023917
15.6052394
15.62023963
15.63523986
15.65024009
15.66524032
15.68024055
15.69524078
15.71524109
15.73024132
15.74524155
15.76024178
15.77524201
15.79024224
15.80524247
15.8202427
15.83524293
15.85024316
15.86524339
15.88024362
15.89524385
15.91024408
15.92524431
15.94024454
15.95524477
15.970245
15.98524523
16.00524554
16.02024577
16.035246
16.05024623
16.06524646
16.08024669
16.09524692
16.11024715
16.12524738
16.14024761
16.15524784
16.17524814
16.19024837
16.2052486
16.22024883
16.23524906
16.25024929
16.26524952
16.28024975
16.30025006
16.31525029
16.33025052
16.34525075
16.36025098
16.37525121
16.39025144
16.41025175
16.42525198
16.44025221
16.45525244
16.47025267
16.4852529
16.50525321
16.52025344
16.53525367
16.5502539
16.56525413
16.58525443
16.60025466
16.61525489
16.63025512
16.64525535
16.66525566
16.68025589
16.69525612
16.71025635
16.72525658
16.74525689
16.76025712
16.77525735
16.79025758
16.81025788
16.82525812
16.84025835
16.85525858
16.87525888
16.89025911
16.90525934
16.92025957
16.94025988
16.95526011
16.97026034
16.98526057
17.00526088
17.02026111
17.03526134
17.05026157
17.07026187
17.0852621
17.10026233
17.12026264
17.13526287
17.1502631
17.17026341
17.18526364
17.20026387
17.2152641
17.2352644
17.25026464
17.26526487
17.28526517
17.3002654
17.31526563
17.33526594
17.35026617
17.3652664
17.38526671
17.40026694
17.41526717
17.43526747
17.4502677
17.47026801
17.48526824
17.50026847
17.52026878
17.53526901
17.55026924
17.57026954
17.58526977
17.60527008
17.62027031
17.63527054
17.65527085
17.67027108
17.69027139
17.70527162
17.72027185
17.74027215
17.75527238
17.77527269
17.79027292
17.80527315
17.82527346
17.84027369
17.86027399
17.87527422
17.89527453
17.91027476
17.93027507
17.9452753
17.96027553
17.98027583
17.99527606
18.01527637
18.0302766
18.05027691
18.06527714
18.08527744
18.10027768
18.12027798
18.13527821
18.15527852
18.17027875
18.19027906
18.20527929
18.22527959
18.24027982
18.26028013
18.27528036
18.29528067
18.3102809
18.3302812
18.34528143
18.36528174
18.38028197
18.40028228
18.41528251
18.43528281
18.45528312
18.47028335
18.49028366
18.50528389
18.5252842
18.54028443
18.56028473
18.58028504
18.59528527
18.61528558
18.63028581
18.65028611
18.66528634
18.68528665
18.70528696
18.72028719
18.74028749
18.75528772
18.77528803
18.79528834
18.81028857
18.83028887
18.85028918
18.86528941
18.88528972
18.90028995
18.92029025
18.94029056
18.95529079
18.9752911
18.99529141
19.01029164
19.03029194
19.05029225
19.06529248
19.08529279
19.10529309
19.12029332
19.14029363
19.16029394
19.17529417
19.19529447
19.21529478
19.23529509
19.25029532
19.27029562
19.29029593
19.30529616
19.32529647
19.34529677
19.36529708
19.38029731
19.40029762
19.42029793
19.43529816
19.45529846
19.47529877
19.49529908
19.51029931
19.53029961
19.55029992
19.57030023
19.59030053
19.60530076
19.62530107
19.64530138
19.66530168
19.68030191
19.70030222
19.72030253
19.74030283
19.76030314
19.77530337
19.79530368
19.81530399
19.83530429
19.8553046
19.87530491
19.89030514
19.91030544
19.93030575
19.95030606
19.97030636
19.99030667
20.0053069
20.02530721
20.04530751
20.06530782
20.08530813
20.10530843
20.12530874
20.14030897
20.16030928
20.18030958
20.20030989
20.2203102
20.24031051
20.26031081
20.28031112
20.30031143
20.32031173
20.33531196
20.35531227
20.37531258
20.39531288
20.41531319
20.4353135
20.4553138
20.47531411
20.49531442
20.51531472
20.53531503
20.55531534
20.57531564
20.59531595
20.61531626
20.63531656
20.65531687
20.67531718
20.69531749
20.71531779
20.73031802
20.75031833
20.77031864
20.79031894
20.81031925
20.83031956
20.85531994
20.87532025
20.89532055
20.91532086
20.93532117
20.95532147
20.97532178
20.99532209
21.01532239
21.0353227
21.05532301
21.07532331
21.09532362
21.11532393
21.13532424
21.15532454
21.17532485
21.19532516
21.21532546
21.23532577
21.26032615
21.28032646
21.30032677
21.32032707
21.34032738
21.36032769
21.38032799
21.4003283
21.42032861
21.44532899
21.4653293
21.4853296
21.50532991
21.52533022
21.54533053
21.56533083
21.59033122
21.61033152
21.63033183
21.65033214
21.67033244
21.69033275
21.71533313
21.73533344
21.75533375
21.77533405
21.79533436
21.82033474
21.84033505
21.86033536
21.88033566
21.90033597
21.92533635
21.94533666
21.96533697
21.98533728
22.01033766
22.03033797
22.05033827
22.07033858
22.09033889
22.11533927
22.13533958
22.15533988
22.18034027
22.20034057
22.22034088
22.24034119
22.26534157
22.28534188
22.30534218
22.33034257
22.35034287
22.37034318
22.39034349
22.41534387
22.43534418
22.45534449
22.48034487
22.50034518
22.52034548
22.54534587
22.56534617
22.58534648
22.61034686
22.63034717
22.65034748
22.67534786
22.69534817
22.72034855
22.74034886
22.76034916
22.78534955
22.80534986
22.83035024
22.85035055
22.87035085
22.89535124
22.91535154
22.94035193
22.96035223
22.98035254
23.00535292
23.02535323
23.05035361
23.07035392
23.0953543
23.11535461
23.13535492
23.1603553
23.18035561
23.20535599
23.2253563
23.25035668
23.27035699
23.29535737
23.31535768
23.34035806
23.36035837
23.38535875
23.40535906
23.43035944
23.45035975
23.47536013
23.49536044
23.52036082
23.54036113
23.56536151
23.58536182
23.6103622
23.63036251
23.6553629
23.68036328
23.70036359
23.72536397
23.74536428
23.77036466
23.79036497
23.81536535
23.84036573
23.86036604
23.88536642
23.90536673
23.93036711
23.9553675
23.9753678
24.00036819
24.02036849
24.04536888
24.07036926
24.09036957
24.11536995
24.14037034
24.16037064
24.18537103
24.21037141
24.23037172
24.2553721
24.28037248
24.30037279
24.32537317
24.35037356
24.37037386
24.39537425
24.42037463
24.44037494
24.46537532
24.49037571
24.51537609
24.5353764
24.56037678
24.58537716
24.61037755
24.63037785
24.65537824
24.68037862
24.705379
24.72537931
24.75037969
24.77538008
24.80038046
24.82038077
24.84538115
24.87038153
24.89538192
24.91538223
24.94038261
24.96538299
24.99038338
25.01538376
25.04038414
25.06038445
25.08538483
25.11038522
25.1353856
25.16038598
25.18538637
25.20538667
25.23038706
25.25538744
25.28038782
25.30538821
25.33038859
25.35538898
25.37538928
25.40038967
25.42539005
25.45039043
25.47539082
25.5003912
25.52539158
25.55039197
25.57539235
25.60039273
25.62539312
25.6503935
25.67039381
25.69539419
25.72039457
25.74539496
25.77039534
25.79539573
25.82039611
25.84539649
25.87039688
25.89539726
25.92039764
25.94539803
25.97039841
25.99539879
26.02039918
26.04539956
26.07039994
26.09540033
26.12040071
26.14540109
26.17040148
26.19540186
26.22040225
26.24540263
26.27040301
26.30040347
26.32540386
26.35040424
26.37540462
26.40040501
26.42540539
26.45040577
26.47540616
26.50040654
26.52540692
26.55040731
26.58040777
26.60540815
26.63040854
26.65540892
26.6804093
26.70540969
26.73041007
26.75541045
26.78541091
26.8104113
26.83541168
26.86041206
26.88541245
26.91041283
26.94041329
26.96541367
26.99041406
27.01541444
27.04041483
27.07041529
27.09541567
27.12041605
27.14541644
27.1754169
27.20041728
27.22541766
27.25041805
27.27541843
27.30541889
27.33041927
27.35541966
27.38542012
27.4104205
27.43542088
27.46042127
27.49042173
27.51542211
27.5404225
27.57042296
27.59542334
27.62042372
27.65042418
27.67542457
27.70042495
27.73042541
27.75542579
27.78042618
27.81042664
27.83542702
27.8604274
27.89042786
27.91542825
27.94042863
27.97042909
27.99542948
28.02542994
28.05043032
28.0754307
28.10543116
28.13043155
28.16043201
28.18543239
28.21043277
28.24043323
28.26543362
28.29543408
28.32043446
28.35043492
28.37543531
28.40543577
28.43043615
28.46043661
28.48543699
28.51543745
28.54043784
28.5704383
28.59543868
28.62543914
28.65043952
28.68043998
28.70544037
28.73544083
28.76044121
28.79044167
28.81544206
28.84544252
28.8704429
28.90044336
28.92544374
28.9554442
28.98544466
29.01044505
29.04044551
29.06544589
29.09544635
29.12544681
29.15044719
29.18044766
29.20544804
29.2354485
29.26544896
29.29044934
29.3204498
29.35045026
29.37545065
29.40545111
29.43545157
29.46045195
29.49045241
29.52045287
29.54545325
29.57545371
29.60545418
29.63045456
29.66045502
29.69045548
29.72045594
29.74545632
29.77545678
29.80545724
29.83045763
29.86045809
29.89045855
29.92045901
29.94545939
29.97545985
30.00546031
30.03546077
30.06546123
30.09046162
30.12046208
30.15046254
30.180463
30.21046346
30.23546384
30.2654643
30.29546476
30.32546522
30.35546568
30.38546614
30.41046652
30.44046698
30.47046745
30.50046791
30.53046837
30.56046883
30.59046929
30.62046975
30.64547013
30.67547059
30.70547105
30.73547151
30.76547197
30.79547243
30.82547289
30.85547335
30.88547381
30.91547427
30.94547473
30.97547519
31.00547565
31.03547611
31.06547657
31.09547703
31.12547749
31.15547795
31.18547841
31.21547887
31.24547933
31.27547979
31.30548026
31.33548072
31.36548118
31.39548164
31.4254821
31.45548256
31.48548302
31.51548348
31.54548394
31.5754844
31.60548486
31.63548532
31.66548578
31.70048631
31.73048678
31.76048724
31.7904877
31.82048816
31.85048862
31.88048908
31.91048954
31.94549007
31.97549053
32.00549099
32.03549145
32.06549191
32.09549237
32.13049291
32.16049337
32.19049383
32.22049429
32.25049475
32.28549529
32.31549575
32.34549621
32.37549667
32.40549713
32.44049767
32.47049813
32.50049859
32.53049905
32.56549958
32.59550005
32.62550051
32.66050104
32.6905015
32.72050196
32.75050242
32.78550296
32.81550342
32.84550388
32.88050442
32.91050488
32.94050534
32.97550587
33.00550634
33.0355068
33.07050733
33.10050779
33.13550833
33.16550879
33.19550925
33.23050979
33.26051025
33.29551078
33.32551124
33.3555117
33.39051224
33.4205127
33.45551324
33.4855137
33.52051424
33.5505147
33.58051516
33.61551569
33.64551615
33.68051669
33.71051715
33.74551769
33.77551815
33.81051868
33.84051914
33.87551968
33.90552014
33.94052068
33.97552122
34.00552168
34.04052221
34.07052267
34.10552321
34.13552367
34.17052421
34.20052467
34.2355252
34.27052574
34.3005262
34.33552674
34.3655272
34.40052774
34.43552827
34.46552873
34.50052927
34.53552981
34.56553027
34.6005308
34.63553134
34.6655318
34.70053234
34.73553288
34.76553334
34.80053387
34.83553441
34.86553487
34.90053541
34.93553594
34.97053648
35.00053694
35.03553748
35.07053801
35.10553855
35.13553901
35.17053955
35.20554009
35.24054062
35.27054108
35.30554162
35.34054216
35.37554269
35.41054323
35.44554377
35.47554423
35.51054476
35.5455453
35.58054584
35.61554638
35.65054691
35.68054737
35.71554791
35.75054845
35.78554898
35.82054952
35.85555006
35.89055059
35.92555113
35.96055167
35.99555221
36.02555267
36.0605532
36.09555374
36.13055428
36.16555481
36.20055535
36.23555589
36.27055642
36.30555696
36.3405575
36.37555803
36.41055857
36.44555911
36.48055965
36.51556018
36.55056072
36.58556126
36.62056179
36.65556233
36.69056287
36.73056348
36.76556402
36.80056455
36.83556509
36.87056563
36.90556617
36.9405667
36.97556724
37.01056778
37.04556831
37.08556893
37.12056946
37.15557
37.19057054
37.22557107
37.26057161
37.30057223
37.33557276
37.3705733
37.40557384
37.44057437
37.48057499
37.51557552
37.55057606
37.5855766
37.62057713
37.66057775
37.69557829
37.73057882
37.77057944
37.80557997
37.84058051
37.87558105
37.91558166
37.9505822
37.98558273
38.02558335
38.06058388
38.09558442
38.13558504
38.17058557
38.20558611
38.24558672
38.28058726
38.3155878
38.35558841
38.39058895
38.43058956
38.4655901
38.50059063
38.54059125
38.57559179
38.6155924
38.65059294
38.69059355
38.72559409
38.76059462
38.80059524
38.83559577
38.87559639
38.91059692
38.95059754
38.98559808
39.02559869
39.06059923
39.10059984
39.13560038
39.17560099
39.2156016
39.25060214
39.29060275
39.32560329
39.3656039
39.40060444
39.44060506
39.48060567
39.51560621
39.55560682
39.59060736
39.63060797
39.67060858
39.70560912
39.74560973
39.78561035
39.82061089
39.8606115
39.90061211
39.93561265
39.97561326
40.01561388
40.05061441
40.09061503
40.13061564
40.17061625
40.20561679
40.24561741
40.28561802
40.32561863
40.36061917
40.40061978
40.4406204
40.48062101
40.51562155
40.55562216
40.59562277
40.63562339
40.675624
40.71562462
40.75062515
40.79062577
40.83062638
40.87062699
40.91062761
40.95062822
40.99062883
41.03062945
41.06562998
41.1056306
41.14563121
41.18563183
41.22563244
41.26563305
41.30563367
41.34563428
41.38563489
41.42563551
41.46563612
41.50563673
41.54563735
41.58563796
41.62563858
41.66563919
41.7056398
41.74564042
41.78564103
41.82564164
41.86564226
41.90564287
41.94564349
41.9856441
42.02564471
42.0706454
42.11064602
42.15064663
42.19064724
42.23064786
42.27064847
42.31064908
42.3506497
42.39565039
42.435651
42.47565162
42.51565223
42.55565284
42.59565346
42.64065415
42.68065476
42.72065537
42.76065599
42.80565668
42.84565729
42.88565791
42.92565852
42.97065921
43.01065982
43.05066044
43.09066105
43.13566174
43.17566235
43.21566297
43.26066366
43.30066427
43.34066489
43.38566558
43.42566619
43.4656668
43.51066749
43.55066811
43.5956688
43.63566941
43.67567003
43.72067072
43.76067133
43.80567202
43.84567263
43.89067332
43.93067394
43.97067455
44.01567524
44.05567585
44.10067655
44.14067716
44.18567785
44.22567846
44.27067915
44.31067977
44.35568046
44.40068115
44.44068176
44.48568245
44.52568307
44.57068376
44.61068437
44.65568506
44.70068575
44.74068636
44.78568705
44.82568767
44.87068836
44.91568905
44.95568966
45.00069035
45.04569104
45.08569166
45.13069235
45.17569304
45.21569365
45.26069434
45.30569503
45.35069572
45.39069634
45.43569703
45.48069772
45.52569841
45.56569902
45.61069971
45.6557004
45.70070109
45.74570178
45.7857024
45.83070309
45.87570378
45.92070447
45.96570516
46.01070585
46.05070646
46.09570715
46.14070784
46.18570853
46.23070922
46.27570991
46.3207106
46.36571129
46.41071198
46.45571267
46.50071336
46.54071398
46.58571467
46.63071536
46.67571605
46.72071674
46.76571743
46.81071812
46.85571881
46.9007195
46.94572019
46.99572096
47.04072165
47.08572234
47.13072303
47.17572372
47.22072441
47.2657251
47.31072579
47.35572648
47.40072717
47.44572786
47.49572863
47.54072932
47.58573001
47.6307307
47.67573139
47.72073208
47.77073285
47.81573354
47.86073423
47.90573492
47.95073561
48.00073638
48.04573707
48.09073776
48.13573845
48.18573921
48.2307399
48.27574059
48.32574136
48.37074205
48.41574274
48.46574351
48.5107442
48.55574489
48.60574566
48.65074635
48.69574704
48.7457478
48.7907485
48.83574919
48.88574995
48.93075064
48.98075141
49.0257521
49.07575287
49.12075356
49.17075432
49.21575502
49.26075571
49.31075647
49.35575716
49.40575793
49.4557587
49.50075939
49.55076015
49.59576084
49.64576161
49.6907623
49.74076307
49.78576376
49.83576453
49.88576529
49.93076598
49.98076675
50.02576744
50.07576821
50.12576898
50.17076967
50.22077043
50.2707712
50.31577189
50.36577266
50.41577342
50.46077412
50.51077488
50.56077565
50.61077642
50.65577711
50.70577787
50.75577864
50.80577941
50.85578017
50.90078087
50.95078163
51.0007824
51.05078317
51.10078393
51.14578462
51.19578539
51.24578616
51.29578692
51.34578769
51.39578846
51.44578923
51.49578999
51.54579076
51.59079145
51.64079222
51.69079298
51.74079375
51.79079452
51.84079529
51.89079605
51.94079682
51.99079759
52.04079835
52.09079912
52.14079989
52.19080066
52.24080142
52.29080219
52.34580303
52.3958038
52.44580457
52.49580533
52.5458061
52.59580687
52.64580764
52.6958084
52.74580917
52.80081001
52.85081078
52.90081155
52.95081231
53.00081308
53.05581393
53.10581469
53.15581546
53.20581623
53.26081707
53.31081784
53.3608186
53.41081937
53.46582022
53.51582098
53.56582175
53.62082259
53.67082336
53.72082413
53.77582497
53.82582574
53.87582651
53.93082735
53.98082812
54.03082888
54.08582973
54.13583049
54.19083134
54.2408321
54.29583295
54.34583372
54.40083456
54.45083533
54.50583617
54.55583694
54.61083778
54.66083855
54.71583939
54.76584016
54.820841
54.87084177
54.92584261
54.97584338
55.03084422
55.08584507
55.13584583
55.19084668
55.24084745
55.29584829
55.35084913
55.4008499
55.45585074
55.51085159
55.56085235
55.6158532
55.67085404
55.72585489
55.77585565
55.8308565
55.88585734
55.94085818
55.99085895
56.0458598
56.10086064
56.15586148
56.21086233
56.26086309
56.31586394
56.37086478
56.42586563
56.48086647
56.53586731
56.59086816
56.64086892
56.69586977
56.75087061
56.80587145
56.8608723
56.91587314
56.97087399
57.02587483
57.08087567
57.13587652
57.19087736
57.2458782
57.30087905
57.35587989
57.41088074
57.46588158
57.52088242
57.57588327
57.63088411
57.69088503
57.74588588
57.80088672
57.85588756
57.91088841
57.96588925
58.02089009
58.08089101
58.13589186
58.1908927
58.24589355
58.30089439
58.36089531
58.41589615
58.470897
58.52589784
58.58589876
58.64089961
58.69590045
58.75590137
58.81090221
58.86590306
58.92590398
58.98090482
59.03590567
59.09590659
59.15090743
59.20590827
59.26590919
59.32091004
59.38091096
59.4359118
59.49591272
59.55091357
59.61091449
59.66591533
59.72091617
59.78091709
59.84091802
59.89591886
59.95591978
60.01092062
60.07092154
60.12592239
60.18592331
60.24092415
60.30092507
60.36092599
60.41592684
60.47592776
60.53592868
60.59092952
60.65093044
60.71093136
60.76593221
60.82593313
60.88593405
60.94093489
61.00093581
61.06093673
61.12093765
61.1759385
61.23593942
61.29594034
61.35594126
61.41594218
61.47094302
61.53094394
61.59094486
61.65094578
61.7109467
61.77094762
61.83094854
61.89094946
61.95095038
62.00595123
62.06595215
62.12595307
62.18595399
62.24595491
62.30595583
62.36595675
62.42595767
62.48595859
62.54595951
62.60596043
62.67096143
62.73096235
62.79096327
62.85096419
62.91096511
62.97096603
63.03096695
63.09096787
63.15096879
63.21596979
63.27597071
63.33597163
63.39597255
63.45597347
63.52097447
63.58097539
63.64097631
63.70097723
63.76597823
63.82597915
63.88598007
63.94598099
64.01098199
64.07098291
64.13098383
64.19598483
64.25598575
64.32098674
64.38098766
64.44098858
64.50598958
64.5659905
64.6309915
64.69099242
64.75599342
64.81599434
64.88099533
64.94099626
65.00599725
65.06599817
65.13099917
65.19100009
65.25600109
65.31600201
65.38100301
65.44100393
65.50600492
65.57100592
65.63100684
65.69600784
65.76100883
65.82100976
65.88601075
65.95101175
66.01101267
66.07601367
66.14101466
66.20601566
66.26601658
66.33101758
66.39601858
66.46101957
66.52102049
66.58602149
66.65102249
66.71602349
66.78102448
66.84602548
66.9060264
66.9710274
67.03602839
67.10102939
67.16603039
67.23103139
67.29603238
67.36103338
67.42603438
67.49103537
67.55603637
67.62103737
67.68603837
67.75103936
67.81604036
67.88104136
67.94604236
68.01104335
68.07604435
68.14604542
68.21104642
68.27604742
68.34104841
68.40604941
68.47105041
68.53605141
68.60605248
68.67105348
68.73605447
68.80105547
68.87105655
68.93605754
69.00105854
69.06605954
69.13606061
69.20106161
69.26606261
69.33606368
69.40106468
69.46606567
69.53606675
69.60106774
69.67106882
69.73606982
69.80607089
69.87107189
69.93607288
70.00607396
70.07107496
70.14107603
70.20607703
70.2760781
70.3410791
70.41108017
70.48108125
70.54608224
70.61608332
70.68108431
70.75108539
70.82108646
70.88608746
70.95608853
71.02608961
71.0910906
71.16109168
71.23109275
71.29609375
71.36609482
71.4360959
71.50609697
71.57109797
71.64109904
71.71110011
71.78110119
71.85110226
71.91610326
71.98610433
72.05610541
72.12610648
72.19610756
72.26610863
72.3361097
72.40611078
72.47611185
72.54611292
72.616114
72.68611507
72.75611615
72.82611722
72.89611829
72.96611937
73.03612044
73.10612152
73.17612259
73.24612366
73.31612474
73.38612581
73.45612689
73.52612796
73.60112911
73.67113018
73.74113126
73.81113233
73.88113341
73.95613456
74.02613563
74.0961367
74.16613778
74.24113893
74.31114
74.38114108
74.45614223
74.5261433
74.59614437
74.67114552
74.7411466
74.81614775
74.88614882
74.9561499
75.03115105
75.10115212
75.17615327
75.24615435
75.3211555
75.39115657
75.46615772
75.53615879
75.61115995
75.68116102
75.75616217
75.83116332
75.90116439
75.97616554
76.04616662
76.12116777
76.19616892
76.26616999
76.34117114
76.41617229
76.49117345
76.56117452
76.63617567
76.71117682
76.78617797
76.85617904
76.9311802
77.00618135
77.0811825
77.15618365
77.2311848
77.30118587
77.37618702
77.45118817
77.52618932
77.60119047
77.67619162
77.75119278
77.82619393
77.90119508
77.97619623
78.05119738
78.12619853
78.20119968
78.27620083
78.35120198
78.42620313
78.50120428
78.58120551
78.65620666
78.73120781
78.80620896
78.88121011
78.95621126
79.03621249
79.11121364
79.18621479
79.26121594
79.34121717
79.41621832
79.49121947
79.56622062
79.64622185
79.721223
79.79622415
79.87622538
79.95122653
80.03122775
80.1062289
80.18123005
80.26123128
80.33623243
80.41623366
80.49123481
80.57123604
80.64623719
80.72623842
80.80123957
80.88124079
80.96124202
81.03624317
81.1162444
81.19124555
81.27124678
81.351248
81.42624915
81.50625038
81.58625161
81.66625284
81.74125399
81.82125521
81.90125644
81.98125767
82.05625882
82.13626005
82.21626127
82.2962625
82.37626373
82.45626496
82.53126611
82.61126733
82.69126856
82.77126979
82.85127102
82.93127224
83.01127347
83.0912747
83.17127592
83.25127715
83.33127838
83.41127961
83.49128083
83.57128206
83.65128329
83.73628459
83.81628582
83.89628705
83.97628827
84.0562895
84.13629073
84.22129203
84.30129326
84.38129449
84.46129571
84.54629702
84.62629825
84.70629947
84.7863007
84.871302
84.95130323
85.03130446
85.11630576
85.19630699
85.28130829
85.36130952
85.44631083
85.52631205
85.60631328
85.69131458
85.77131581
85.85631712
85.94131842
86.02131965
86.10632095
86.18632218
86.27132348
86.35132471
86.43632601
86.52132732
86.60132854
86.68632985
86.77133115
86.85633246
86.93633368
87.02133499
87.10633629
87.1913376
87.27133882
87.35634013
87.44134143
87.52634274
87.61134404
87.69634534
87.77634657
87.86134787
87.94634918
88.03135048
88.11635179
88.20135309
88.28635439
88.3713557
88.456357
88.54135831
88.62635961
88.71136091
88.79636222
88.8863636
88.9713649
89.05636621
89.14136751
89.22636882
89.31137012
89.4013715
89.4863728
89.57137411
89.65637541
89.74637679
89.8313781
89.9163794
90.0013807
90.09138209
90.17638339
90.26638477
90.35138607
90.43638738
90.52638876
90.61139006
90.70139144
90.78639275
90.87639413
90.96139543
91.05139681
91.13639812
91.2263995
91.3114008
91.40140218
91.48640349
91.57640487
91.66640625
91.75140755
91.84140893
91.93141031
92.01641162
92.106413
92.19641438
92.28641576
92.37141706
92.46141844
92.55141982
92.64142121
92.73142259
92.82142397
92.91142535
92.99642665
93.08642803
93.17642941
93.26643079
93.35643217
93.44643355
93.53643494
93.62643632
93.7164377
93.80643908
93.89644046
93.98644184
94.0814433
94.17144468
94.26144606
94.35144744
94.44144882
94.5314502
94.62645166
94.71645304
94.80645442
94.8964558
94.99145726
95.08145864
95.17146002
95.2614614
95.35646286
95.44646424
95.54146569
95.63146708
95.72146846
95.81646991
95.90647129
96.00147275
96.09147413
96.18647559
96.27647697
96.37147843
96.46147981
96.55648127
96.65148272
96.7414841
96.83648556
96.93148702
97.0214884
97.11648986
97.21149131
97.3014927
97.39649415
97.49149561
97.58649707
97.67649845
97.77149991
97.86650136
97.96150282
98.05650428
98.15150574
98.24650719
98.34150865
98.43151003
98.52651149
98.62151295
98.7165144
98.81151586
98.90651732
99.00651885
99.10152031
99.19652177
99.29152322
99.38652468
99.48152614
99.5765276
99.67152905
99.77153059
99.86653205
99.9615335
100.056535
100.1565365
100.251538
100.3465394
100.4465409
100.5415424
100.6365439
100.7365454
100.8315468
100.9265483
101.0265498
101.1215513
101.2215528
101.3165543
101.4165558
101.5115573
101.6115588
101.7115603
101.8065618
101.9065633
102.0015648
102.1015663
102.2015679
102.2965693
102.3965709
102.4965724
102.5965739
102.6915754
102.7915769
102.8915785
102.99158
103.0915815
103.186583
103.2865845
103.386586
103.4865876
103.5865891
103.6865906
103.7865922
103.8865937
103.9865953
104.0865968
104.1865983
104.2865999
104.3866014
104.4866029
104.5866045
104.6916061
104.7916076
104.8916091
104.9916107
105.0916122
105.1966138
105.2966153
105.3966169
105.4966184
105.60162
105.7016216
105.8066232
105.9066247
106.0066262
106.1116279
106.2116294
106.316631
106.4166325
106.5216341
106.6216357
106.7266373
106.8266388
106.9316404
107.031642
107.1366436
107.2416452
107.3416467
107.4466483
107.5516499
107.6516515
107.7566531
107.8616547
107.9666563
108.0666578
108.1716595
108.2766611
108.3816627
108.4866643
108.5916659
108.6966675
108.8016691
108.9066707
109.0116723
109.116674
109.2216756
109.3266772
109.4316788
109.5366804
109.641682
109.7466836
109.8516852
109.9566868
110.0616884
110.1716901
110.2766917
110.3816934
110.486695
110.5966967
110.7016983
110.8066999
110.9167016
111.0217032
111.1267048
111.2367065
111.3417081
111.4517098
111.5567114
111.6667131
111.7717147
111.8817164
111.986718
112.0967197
112.2017213
112.311723
112.4217247
112.5267263
112.636728
112.7467296
112.8517313
112.9617329
113.0717346
113.1817363
113.291738
113.3967396
113.5067413
113.616743
113.7267447
113.8367464
113.946748
114.0567497
114.1667514
114.2767531
114.3867548
114.4967565
114.6067582
114.7167599
114.8267615
114.9367632
115.0467649
115.1567666
115.2717684
115.3817701
115.4917718
115.6017734
115.7167752
115.8267769
115.9367786
116.0467803
116.161782
116.2717837
116.3867855
116.4967872
116.6067889
116.7217906
116.8317923
116.9467941
117.0567958
117.1717975
117.2867993
117.396801
117.5118027
117.6218044
117.7368062
117.851808
117.9618096
118.0768114
118.1918132
118.3068149
118.4218167
118.5318184
118.6468202
118.7618219
118.8768237
118.9918254
119.1068272
119.221829
119.3368307
119.4518325
119.5668343
119.681836
119.7968378
119.9118396
120.0268413
120.1418431
120.2568449
120.3718466
120.4918485
120.6068502
120.721852
120.8368537
120.9518555
121.0718574
121.1868591
121.3018609
121.4218627
121.5368645
121.6568663
121.7718681
121.8918699
122.0068717
122.1268735
122.2418753
122.3618771
122.4768789
122.5968807
122.7118825
122.8318844
122.9518862
123.066888
123.1868898
123.3068916
123.4268935
123.5418952
123.6618971
123.7818989
123.9019008
124.0219026
124.1419045
124.2569062
124.3769081
124.4969099
124.6169117
124.7369136
124.8569154
124.9769173
125.1019192
125.221921
125.3419229
125.4619247
125.5819265
125.7019284
125.8219302
125.9469321
126.066934
126.1869358
126.3119377
126.4319396
126.5519414
126.6769433
126.7969452
126.916947
127.0419489
127.1619508
127.2869527
127.4069545
127.5319565
127.6569584
127.7769602
127.9019621
128.021964
128.1469659
128.2719678
128.3919697
128.5169716
128.6419735
128.7669754
128.8869772
129.0119792
129.1369811
129.261983
129.3869849
129.5119868
129.6369888
129.7619907
129.8869926
130.0119945
130.1369964
130.2619983
130.3870003
130.5120022
130.6370041
130.762006
130.892008
131.0170099
131.1420118
131.2670138
131.3970158
131.5220177
131.6470196
131.7770216
131.9020235
132.0270254
132.1570274
132.2820293
132.4120313
132.5370332
132.6670352
132.7920372
132.9220391
133.0520411
133.1770431
133.3070451
133.437047
133.562049
133.692051
133.822053
133.9520549
134.0770569
134.2070589
134.3370609
134.4670628
134.5970648
134.7270668
134.8570688
134.9870708
135.1170728
135.2470748
135.3770768
135.5070788
135.6370808
135.7670828
135.8970848
136.0270868
136.1620889
136.2920908
136.4220928
136.5520948
136.6870969
136.8170989
136.9471009
137.082103
137.212105
137.347107
137.477109
137.6121111
137.7421131
137.8771152
138.0071172
138.1421192
138.2721212
138.4071233
138.5421254
138.6721274
138.8071294
138.9421315
139.0771336
139.2071356
139.3421376
139.4771397
139.6121418
139.7471439
139.8821459
140.017148
140.1521501
140.2871521
140.4221542
140.5571563
140.6921583
140.8271604
140.9621625
141.0971646
141.2321666
141.3721688
141.5071709
141.6421729
141.777175
141.9171771
142.0521792
142.1871813
142.3271834
142.4621855
142.6021876
142.7371897
142.8771919
143.0121939
143.1521961
143.2871982
143.4272003
143.5622024
143.7022045
143.8422067
143.9772087
144.1172109
144.257213
144.3972152
144.5372173
144.6722194
144.8122216
144.9522237
145.0922258
145.232228
145.3722301
145.5122323
145.6522344
145.7922366
145.9322387
146.0722409
146.212243
146.3572453
146.4972474
146.6372496
146.7772517
146.9222539
147.0622561
147.2022582
147.3472604
147.4872626
147.6272647
147.772267
147.9122691
148.0572713
148.1972735
148.3422757
148.4822779
148.6272801
148.7722823
148.9122845
149.0572867
149.2022889
149.342291
149.4872933
149.6322955
149.7772977
149.9222999
150.0673022
150.2073043
150.3523065
150.4973088
150.642311
150.7873132
150.9323154
151.0823177
151.22732
151.3723222
151.5173244
151.6623266
151.8073289
151.9573312
152.1023334
152.2473356
152.3923378
152.5423401
152.6873424
152.8373447
152.9823469
153.1323492
153.2773514
153.4273537
153.5723559
153.7223582
153.8673605
154.0173628
154.1673651
154.3123673
154.4623696
154.6123719
154.7623742
154.9073764
155.0573787
155.207381
155.3573833
155.5073856
155.6573879
155.8073902
155.9573925
156.1073948
156.2573971
156.4073994
156.5574017
156.707404
156.8624064
157.0124087
157.162411
157.3124133
157.4674157
157.617418
157.7674203
157.9224227
158.072425
158.2274274
158.3774297
158.532432
158.6824343
158.8374367
158.987439
159.1424414
159.2974438
159.4474461
159.6024484
159.7574508
159.9124532
160.0624555
160.2174579
160.3724603
160.5274626
160.682465
160.8374674
160.9924698
161.1474722
161.3024745
161.4574769
161.6124793
161.7674817
161.922484
162.0824865
162.2374889
162.3924913
162.5474936
162.7074961
162.8624985
163.0175008
163.1775033
163.3325057
163.4925081
163.6475105
163.807513
163.9625153
164.1225178
164.2775202
164.4375226
164.5975251
164.7525275
164.9125299
165.0725324
165.2325348
165.3925373
165.5475397
165.7075421
165.8675446
166.027547
166.1875495
166.3475519
166.5075544
166.6675568
166.8275593
166.9925618
167.1525643
167.3125667
167.4725692
167.6325716
167.7975742
167.9575766
168.1175791
168.2825816
168.4425841
168.6075866
168.7675891
168.9325916
169.092594
169.2575966
169.417599
169.5826016
169.7476041
169.9076065
170.0726091
170.2376116
170.4026141
170.5626166
170.7276191
170.8926217
171.0576242
171.2226267
171.3876292
171.5526318
171.7176343
171.8826368
172.0476394
172.2126419
172.3826445
172.547647
172.7126496
172.8776521
173.0476547
173.2126572
173.3776598
173.5476624
173.7126649
173.8826675
174.0476701
174.2176727
174.3826752
174.5526778
174.7176803
174.8876829
175.0576855
175.2276882
175.3926907
175.5626933
175.7326959
175.9026985
176.0727011
176.2427037
176.4127063
176.5827089
176.7527116
176.9227142
177.0927168
177.2627194
177.432722
177.6027246
177.7727272
177.9477299
178.1177325
178.2877351
178.4627378
178.6327404
178.802743
178.9777457
179.1477483
179.322751
179.4927536
179.6677563
179.8377589
180.0127616
180.1877642
180.3577669
180.5327695
180.7077722
180.8827749
181.0577776
181.2327803
181.4027829
181.5777856
181.7527883
181.9277909
182.1027936
182.2827964
182.4577991
182.6328018
182.8078044
182.9828071
183.1578098
183.3378126
183.5128153
183.6878179
183.8678207
184.0428234
184.2228261
184.3978288
184.5778316
184.7528343
184.932837
185.1078397
185.2878425
185.4678452
185.647848
185.8228507
186.0028535
186.1828562
186.362859
186.5428617
186.7228645
186.9028673
187.08287
187.2628728
187.4428755
187.6228783
187.8028811
187.9828838
188.1628866
188.3478894
188.5278922
188.707895
188.8928978
189.0729006
189.2529033
189.4379062
189.6179089
189.8029118
189.9829145
190.1679174
190.3529202
190.532923
190.7179258
190.9029286
191.0879315
191.2679342
191.4529371
191.6379399
191.8229427
192.0079456
192.1929484
192.3779513
192.5629541
192.7479569
192.9329598
193.1179626
193.3079655
193.4929684
193.6779712
193.862974
194.052977
194.2379798
194.4279827
194.6129855
194.8029885
194.9879913
195.1779942
195.362997
195.553
195.7430029
195.9280057
196.1180086
196.3080115
196.4980145
196.6830173
196.8730202
197.0630231
197.253026
197.443029
197.6330319
197.8230348
198.0130377
198.2080407
198.3980436
198.5880465
198.7780494
198.9730524
199.1630553
199.3530583
199.5480613
199.7380642
199.9330672
200.1230701
200.3180731
200.508076
200.703079
200.8930819
201.0880849
201.2830879
201.4780909
201.6730939
201.8630968
202.0580998
202.2531027
202.4481057
202.6431087
202.8381117
203.0331147
203.2281177
203.4281208
203.6231238
203.8181268
204.0131298
204.2131328
204.4081358
204.6031388
204.8031419
204.9981449
205.1981479
205.3931509
205.593154
205.788157
205.98816
206.1881631
206.3831661
206.5831692
206.7831722
206.9831753
207.1831784
207.3831815
207.5781844
207.7781875
207.9781906
208.1831937
208.3831968
208.5831999
208.7832029
208.983206
209.1832091
209.3882122
209.5882153
209.7882183
209.9932215
210.1932246
210.3982277
210.5982308
210.8032339
211.0082371
211.2082401
211.4132433
211.6182464
211.8182495
212.0232526
212.2282558
212.4332589
212.6382621
212.8432652
213.0482684
213.2532715
213.4582746
213.6632778
213.8682809
214.0732841
214.2832873
214.4882904
214.6932936
214.9032968
215.1083
215.3133031
215.5233063
215.7283095
215.9383127
216.1483159
216.3533191
216.5633223
216.7733255
216.9783286
217.1883319
217.3983351
217.6083383
217.8183415
218.0283448
218.238348
218.4483512
218.6583544
218.8683576
219.0783609
219.2883641
219.5033674
219.7133706
219.9233738
220.1383771
220.3483803
220.5583836
220.7733869
220.9833901
221.1983934
221.4133967
221.6233999
221.8384032
222.0534065
222.2684098
222.478413
222.6934163
222.9084196
223.1234229
223.3384262
223.5534295
223.7684328
223.9834361
224.1984394
224.4184428
224.6334461
224.8484494
225.0634527
225.2834561
225.4984594
225.7184627
225.933466
226.1534694
226.3684727
226.5884761
226.8034794
227.0234828
227.2434861
227.4634895
227.6784928
227.8984962
228.1184995
228.3385029
228.5585063
228.7785097
228.998513
229.2185164
229.4435199
229.6635233
229.8835266
230.10353
230.3285335
230.5485368
230.7685402
230.9935437
231.213547
231.4385505
231.6585539
231.8835573
232.1085608
232.3285641
232.5535676
232.778571
233.0035745
233.2285779
233.4535814
233.6785848
233.9035883
234.1285917
234.3535952
234.5785987
234.8036021
235.0286056
235.2586091
235.4836125
235.708616
235.9386195
236.163623
236.3936265
236.6186299
236.8486335
237.0736369
237.3036405
237.533644
237.7636475
237.988651
238.2186545
238.448658
238.6786616
238.9086651
239.1386686
239.3686721
239.5986757
239.8286792
240.0636828
240.2936863
240.5236899
240.7536934
240.988697
241.2187005
241.4537041
241.6837077
241.9187113
242.1487148
242.3837184
242.618722
242.8537256
243.0837291
243.3187327
243.5537363
243.7887399
244.0237436
244.2587472
244.4937508
244.7287544
244.963758
245.1987616
245.4387653
245.6737689
245.9087725
246.1487762
246.3837798
246.6187834
246.858787
247.0987907
247.3337943
247.573798
247.8088016
248.0488053
248.288809
248.5288127
248.7688163
249.00882
249.2488237
249.4888274
249.7288311
249.9688348
250.2088384
250.4488421
250.6888458
250.9338496
251.1738532
251.4138569
251.6588607
251.8988644
252.1438681
252.3838718
252.6288756
252.8738793
253.113883
253.3588868
253.6038905
253.8488943
254.093898
254.3389018
254.5839056
254.8289093
255.0739131
255.3189168
255.5639206
255.8089243
256.0589282
256.3039319
256.5489357
256.7989395
257.0439433
257.2939471
257.5389509
257.7889547
258.0389586
258.2839623
258.5339662
258.78397
259.0339738
259.2839777
259.5339815
259.7839853
260.0339892
260.283993
260.5339968
260.7840007
261.0340045
261.2890084
261.5390123
261.7890161
262.04402
262.2940238
262.5490277
262.7990316
263.0540355
263.3090394
263.5590432
263.8140472
264.0690511
264.324055
264.5790589
264.8340628
265.0890667
265.3440706
265.5990745
265.8540784
266.1090824
266.3690863
266.6240903
266.8790942
267.1390982
267.3941021
267.6541061
267.90911
268.169114
268.4241179
268.6841219
268.9441259
269.2041298
269.4641338
269.7191377
269.9791417
270.2391457
270.5041498
270.7641538
271.0241578
271.2841618
271.5441657
271.8091698
272.0691738
272.3291778
272.5941818
272.8541858
273.1191899
273.3791939
273.644198
273.909202
274.1742061
274.4342101
274.6992141
274.9642182
275.2292223
275.4942263
275.7592304
276.0242345
276.2942386
276.5592427
276.8242467
277.0892508
277.3592549
277.624259
277.8942632
278.1592672
278.4292714
278.6942754
278.9642796
279.2342837
279.5042879
279.774292
280.0392961
280.3093002
280.5793043
280.8493085
281.1243127
281.3943168
281.664321
281.9343251
282.2043293
282.4793335
282.7493376
283.0243419
283.294346
283.5693502
283.8393544
284.1143586
284.3893628
284.664367
284.9343712
285.2093754
285.4843796
285.7593838
286.034388
286.3093923
286.5893965
286.8644008
287.139405
287.4144092
287.6944135
287.9694177
288.249422
288.5244262
288.8044305
289.0794347
289.359439
289.6394433
289.9194476
290.1994519
290.4744561
290.7544604
291.0344647
291.314469
291.5994734
291.8794777
292.159482
292.4394863
292.7244907
293.004495
293.2844993
293.5695036
293.8495079
294.1345123
294.4195167
294.699521
294.9845253
295.2695297
295.5545341
295.8395385
296.1245428
296.4095472
296.6945516
296.9795559
297.2645603
297.5545648
297.8395691
298.1245735
298.414578
298.6995823
298.9895868
299.2745911
299.5645956
299.8546
300.1446045
300.4296089
300.7196133
301.0096178
301.2996222
301.5896267
301.8796311
302.1696356
302.4646401
302.7546445
303.044649
303.3396535
303.629658
303.9246625
304.2146669
304.5096715
304.7996759
305.0946804
305.389685
305.6846895
305.979694
306.2746985
306.5697031
306.8647076
307.1597121
307.4547166
307.7497212
308.0447257
308.3447303
308.6397348
308.9397394
309.2347439
309.5347485
309.8297531
310.1297577
310.4297623
310.7297669
311.0247714
311.324776
311.6247806
311.9247852
312.2247898
312.5297945
312.8297991
313.1298037
313.4298083
313.734813
314.0348176
314.3398223
314.6398269
314.9448315
315.2498362
315.5498408
315.8548455
316.1598502
316.4648549
316.7698595
317.0748642
317.3798689
317.6848736
317.9898783
318.2948829
318.6048877
318.9098924
319.2198971
319.5249018
319.8349066
320.1399112
320.449916
320.7599208
321.0649254
321.3749302
321.6849349
321.9949397
322.3049445
322.6149492
322.924954
323.2399588
323.5499636
323.8599683
324.1749731
324.4849779
324.7999827
325.1099875
325.4249923
325.7349971
326.0500019
326.3650067
326.6800116
326.9950164
327.3100212
327.6250261
327.9400309
328.2550357
328.5700406
328.8900455
329.2050503
329.5250552
329.8400601
330.160065
330.4750698
330.7950747
331.1150796
331.4300844
331.7500894
332.0700943
332.3900992
332.7101041
333.030109
333.3501139
333.6751189
333.9951238
334.3151287
334.6401337
334.9601386
335.2851436
335.6051485
335.9301535
336.2551585
336.5751634
336.9001684
337.2251733
337.5501783
337.8751833
338.2001883
338.5251933
338.8501983
339.1802033
339.5052083
339.8302133
340.1602184
340.4852234
340.8152284
341.1452335
341.4702385
341.8002435
342.1302486
342.4602537
342.7902587
343.1202638
343.4502688
343.7802739
344.110279
344.4452841
344.7752892
345.1102943
345.4402994
345.7753045
346.1053096
346.4403147
346.7753199
347.1053249
347.4403301
347.7753352
348.1103403
348.4453455
348.7803506
349.1203558
349.455361
349.7903661
350.1303713
350.4653765
350.8053817
351.1403868
351.480392
351.8153972
352.1554024
352.4954076
352.8354128
353.175418
353.5154233
353.8554285
354.1954337
354.5354389
354.8804442
355.2204494
355.5654547
355.9054599
356.2504652
356.5904704
356.9354757
357.280481
357.6254863
357.9654915
358.3104968
358.6555021
359.0055075
359.3505128
359.6955181
360.0405234
360.3905287
360.735534
361.0805393
361.4305447
361.78055
362.1255553
362.4755607
362.8255661
363.1755714
363.5255768
363.8755822
364.2255876
364.5755929
364.9255983
365.2806037
365.6306091
365.9806145
366.3356199
366.6856253
367.0406307
367.3956362
367.7506416
368.100647
368.4556525
368.8106579
369.1656633
369.5256689
369.8806743
370.2356798
370.5906852
370.9506907
371.3056962
371.6657017
372.0207071
372.3807127
372.7407182
373.0957236
373.4557292
373.8157347
374.1757402
374.5357457
374.9007513
375.2607568
375.6207624
375.9807679
376.3457735
376.705779
377.0707846
377.4357902
377.7957957
378.1608013
378.5258069
378.8908125
379.2558181
379.6208237
379.9858293
380.3508349
380.7158405
381.0858462
381.4508518
381.8208575
382.1858631
382.5558688
382.9258744
383.29088
383.6608857
384.0308914
384.4008971
384.7709027
385.1409084
385.5109141
385.8859198
386.2559255
386.6259312
387.000937
387.3759427
387.7459484
388.1209541
388.4959599
388.8659656
389.2409713
389.6159771
389.9909828
390.3709887
390.7459944
391.1210002
391.4960059
391.8760117
392.2510175
392.6310233
393.0060291
393.3860349
393.7660407
394.1460466
394.5260524
394.9060582
395.2860641
395.6660699
396.0460757
396.4260815
396.8110874
397.1910933
397.5760992
397.956105
398.3411109
398.7261168
399.1111227
399.4911286
399.8761345
400.2611404
400.6511464
401.0361523
401.4211582
401.8061641
402.1961701
402.581176
402.971182
403.3561879
403.7461938
404.1361998
404.5262058
404.9162118
405.3062178
405.6962238
406.0862297
406.4762357
406.8662417
407.2612478
407.6512537
408.0462598
408.4362658
408.8312719
409.2262779
409.621284
410.01629
410.4112961
410.8063021
411.2013082
411.5963143
411.9913203
412.3913265
412.7863325
413.1863387
413.5813447
413.9813509
414.381357
414.7813631
415.1763692
415.5763753
415.9763815
416.3813877
416.7813938
417.1813999
417.5814061
417.9864123
418.3864184
418.7914246
419.1964309
419.596437
420.0014432
420.4064494
420.8114556
421.2164619
421.6214681
422.0314744
422.4364806
422.8414868
423.2514931
423.6564993
424.0665056
424.4765119
424.8815181
425.2915244
425.7015307
426.1115369
426.5215432
426.9315495
427.3465559
427.7565622
428.1665685
428.5815748
428.9915811
429.4065875
429.8215939
430.2366002
430.6466065
431.0616129
431.4766193
431.8966257
432.3116321
432.7266384
433.1416448
433.5616512
433.9766576
434.396664
434.8166705
435.2316769
435.6516833
436.0716897
436.4916962
436.9117026
437.3367092
437.7567156
438.176722
438.5967285
439.021735
439.4467415
439.866748
440.2917545
440.716761
441.1417675
441.566774
441.9917806
442.4167871
442.8417936
443.2668001
443.6968067
444.1218132
444.5518198
444.9768264
445.406833
445.8368396
446.2668461
446.6968527
447.1268593
447.5568659
447.9868725
448.4218792
448.8518858
449.2818924
449.7168991
450.1519057
450.5819123
451.016919
451.4519257
451.8869324
452.321939
452.7569457
453.1919524
453.6319591
454.0669658
454.5069726
454.9419792
455.381986
455.8169927
456.2569994
456.6970062
457.1370129
457.5770197
458.0170264
458.4620332
458.90204
459.3420467
459.7870536
460.2270603
460.6720671
461.117074
461.5620808
462.0070876
462.4520944
462.8971013
463.3421081
463.7871149
464.2321218
464.6821287
465.1271355
465.5771424
466.0271493
466.4721561
466.922163
467.3721699
467.8221768
468.2721837
468.7271907
469.1771976
469.6272045
470.0822115
470.5322184
470.9872254
471.4422324
471.8972393
472.3472462
472.8022532
473.2622603
473.7172673
474.1722742
474.6272812
475.0872883
475.5422953
476.0023023
476.4623094
476.9173164
477.3773234
477.8373305
478.2973375
478.7573446
479.2223517
479.6823588
480.1423658
480.607373
481.06738
481.5323872
481.9973943
482.4624014
482.9274086
483.3924157
483.8574228
484.32243
484.7874371
485.2574443
485.7224514
486.1924586
486.6574658
487.127473
487.5974802
488.0674874
488.5374946
489.0075018
489.477509
489.9525163
490.4225235
490.8925307
491.367538
491.8425453
492.3125525
492.7875598
493.2625671
493.7375744
494.2125817
494.692589
495.1675963
495.6426036
496.122611
496.5976183
497.0776256
497.557633
498.0376404
498.5126476
498.9976551
499.4776624
499.9576698
500.4376772
500.9226846
501.402692
501.8876994
502.3677068
502.8527142
503.3377217
503.8227291
504.3077365
504.792744
505.2777514
505.7677589
506.2527664
506.7427739
507.2277813
507.7177889
508.2077964
508.6978039
509.1878114
509.6778189
510.1678264
510.657834
511.1528416
511.6428491
512.1378567
512.6278642
513.1228718
513.6178794
514.112887
514.6078946
515.1029022
515.5979097
516.0979174
516.592925
517.0929327
517.5879403
518.0879479
518.5879556
519.0879633
519.587971
520.0879786
520.5879863
521.087994
521.5930017
522.0930094
522.5980171
523.0980248
523.6030326
524.1080403
524.6130481
525.1180558
525.6230635
526.1280713
526.6380791
527.1430869
527.6530947
528.1581024
528.6681103
529.1781181
529.6881259
530.1981337
530.7081416
531.2181494
531.7331573
532.2431651
532.758173
533.2681808
533.7831887
534.2981966
534.8132045
535.3282124
535.8432203
536.3582282
536.8782362
537.3932441
537.908252
538.42826
538.948268
539.4682759
539.9882839
540.5082919
541.0282999
541.5483079
542.0683158
542.5933239
543.1133319
543.6383399
544.163348
544.6833559
545.208364
545.7333721
546.2633802
546.7883882
547.3133963
547.8434044
548.3684125
548.8984206
549.4234287
549.9534368
550.4834449
551.0134531
551.5434612
552.0784694
552.6084775
553.1384857
553.6734939
554.2085021
554.7385102
555.2735184
555.8085266
556.3435348
556.8835431
557.4185513
557.9535595
558.4935678
559.028576
559.5685843
560.1085926
560.6486009
561.1886092
561.7286174
562.2686257
562.808634
563.3536424
563.8936507
564.438659
564.9836674
565.5236757
566.068684
566.6136924
567.1637008
567.7087092
568.2537175
568.803726
569.3487343
569.8987428
570.4487512
570.9987596
571.5487681
572.0987765
572.648785
573.1987934
573.7538019
574.3038104
574.8588189
575.4138274
575.9638358
576.5188443
577.0738528
577.6338614
578.18887
578.7438785
579.3038871
579.8588956
580.4189042
580.9789128
581.5389213
582.0989299
582.6589385
583.2189471
583.7839558
584.3439644
584.908973
585.4689816
586.0339903
586.598999
587.1640076
587.7290163
588.294025
588.8640337
589.4290424
589.9990511
590.5640598
591.1340685
591.7040773
592.274086
592.8440948
593.4141035
593.9891123
594.5591211
595.1341299
595.7041387
596.2791475
596.8541563
597.4291651
598.0041739
598.5791828
599.1541916
599.7342005
600.3092093
600.8892182
601.4692271
602.049236
602.6292449
603.2092538
603.7892627
604.3692716
604.9542806
605.5342895
606.1192984
606.7043074
607.2843163
607.8693253
608.4593343
609.0443433
609.6293523
610.2193613
610.8043703
611.3943794
611.9843884
612.5693974
613.1594064
613.7544156
614.3444246
614.9344337
615.5294428
616.1194518
616.714461
617.3094701
617.9044792
618.4994884
619.0944975
619.6895066
620.2845157
620.8845249
621.4845341
622.0795433
622.6795525
623.2795617
623.8795709
624.4795801
625.0845894
625.6845986
626.2896079
626.8896171
627.4946263
628.0996356
628.7046449
629.3096542
629.9146635
630.5246728
631.1296821
631.7396915
632.3447008
632.9547101
633.5647195
634.1747288
634.7847382
635.3997476
636.009757
636.6247664
637.2347758
637.8497852
638.4647946
639.0798041
639.6948135
640.3098229
640.9298325
641.5448419
642.1648514
642.7798608
643.3998703
644.0198799
644.6398894
645.2598989
645.8849085
646.504918
647.1299276
647.7499371
648.3749467
648.9999563
649.6249658
650.2499754
650.874985
651.5049947
652.1300043
652.7600139
653.3900236
654.0200333
654.6500429
655.2800526
655.9100623
656.5400719
657.1750817
657.8050913
658.4401011
659.0751108
659.7101206
660.3451303
660.98014
661.6151498
662.2551596
662.8901693
663.5301792
664.170189
664.8101988
665.4502086
666.0902184
666.7352283
667.3752382
668.020248
668.6602579
669.3052678
669.9502777
670.5952876
671.2402974
671.8903074
672.5353173
673.1853273
673.8303372
674.4803472
675.1303571
675.7803671
676.4303771
677.0853871
677.7353971
678.3904071
679.0404171
679.6954272
680.3504372
681.0054473
681.6604573
682.3204674
682.9754775
683.6354876
684.2904977
684.9505078
685.6105179
686.270528
686.9305382
687.5955484
688.2555585
688.9205687
689.5805788
690.245589
690.9105992
691.5756094
692.2456197
692.9106299
693.5756401
694.2456504
694.9156606
695.5856709
696.2556812
696.9256915
697.5957018
698.265712
698.9407224
699.6157328
700.285743
700.9607534
701.6357637
702.3107741
702.9907845
703.6657949
704.3458053
705.0208157
705.7008261
706.3808365
707.060847
707.7408574
708.4258679
709.1058783
709.7908888
710.4758994
711.1559098
711.8409203
712.5309309
713.2159414
713.9009519
714.5909625
715.275973
715.9659836
716.6559942
717.3460048
718.0360153
718.731026
719.4210366
720.1160472
720.8110579
721.5010685
722.1960792
722.8960899
723.5911006
724.2861112
724.986122
725.6811326
726.3811434
727.0811541
727.7811648
728.4811756
729.1861864
729.8861971
730.5912079
731.2962188
731.9962295
732.7012403
733.4112512
734.116262
734.8212728
735.5312837
736.2412946
736.9463054
737.6563163
738.3663272
739.0813382
739.7913491
740.5063601
741.2163709
741.9313819
742.6463929
743.3614039
744.0764148
744.7964259
745.5114368
746.2314479
746.9464589
747.6664699
748.3864809
749.1114921
749.8315031
750.5515142
751.2765253
752.0015364
752.7215474
753.4465586
754.1765698
754.9015809
755.626592
756.3566032
757.0866144
757.8116255
758.5416367
759.276648
760.0066592
760.7366704
761.4716817
762.2016929
762.9367042
763.6717154
764.4067267
765.1467381
765.8817493
766.6217607
767.356772
768.0967833
768.8367947
769.576806
770.3168174
771.0618288
771.8018402
772.5468516
773.291863
774.0368744
774.7818859
775.5268973
776.2769088
777.0219202
777.7719317
778.5219432
779.2719548
780.0219663
780.7719778
781.5219893
782.2770009
783.0320124
783.787024
784.5420356
785.2970472
786.0520588
786.8070703
787.567082
788.3270937
789.0871053
789.847117
790.6071286
791.3671403
792.127152
792.8921637
793.6571754
794.4221872
795.1871989
795.9522106
796.7172224
797.4872342
798.2522459
799.0222577
799.7922696
800.5622814
801.3322932
802.1073051
802.8773169
803.6523288
804.4273407
805.2023525
805.9773644
806.7523763
807.5323883
808.3074002
809.0874122
809.8674241
810.6474361
811.427448
812.20746
812.9924721
813.772484
814.5574961
815.3425081
816.1275202
816.9125322
817.7025443
818.4875564
819.2775685
820.0675806
820.8575927
821.6476048
822.437617
823.2326292
824.0226413
824.8176535
825.6126657
826.4076779
827.2026901
827.9977023
828.7977145
829.5977268
830.392739
831.1927513
831.9927635
832.7977759
833.5977882
834.4028005
835.2028128
836.0078251
836.8128375
837.6228499
838.4278623
839.2328746
840.042887
840.8528995
841.6629119
842.4729243
843.2829367
844.0979492
844.9079617
845.7229742
846.5379867
847.3529992
848.1680117
848.9880243
849.8030368
850.6230493
851.4430619
852.2630745
853.0830871
853.9080997
854.7281123
855.553125
856.3781376
857.2031503
858.0281629
858.8531756
859.6781883
860.508201
861.3382137
862.1682265
862.9982392
863.8282519
864.6582647
865.4932775
866.3282903
867.1633031
867.9983159
868.8333287
869.6683415
870.5083544
871.3483673
872.1833801
873.023393
873.868406
874.7084188
875.5484317
876.3934447
877.2384577
878.0834706
878.9284836
879.7734965
880.6235096
881.4735226
882.3185356
883.1685486
884.0185617
884.8735748
885.7235878
886.5786009
887.4336141
888.2886272
889.1436403
889.9986534
890.8536665
891.7136797
892.5736929
893.4337061
894.2937193
895.1537325
896.0187458
896.878759
897.7437722
898.6087855
899.4737988
900.338812
901.2088254
902.0738386
902.943852
903.8138653
904.6838787
905.5588921
906.4289055
907.3039189
908.1739322
909.0489457
909.9239591
910.8039726
911.678986
912.5589995
913.439013
914.3190265
915.19904
916.0790535
916.9640671
917.8440806
918.7290942
919.6141077
920.4991213
921.3841349
922.2741485
923.1641622
924.0541758
924.9441895
925.8342032
926.7242168
927.6192305
928.5092442
929.4042579
930.2992717
931.1942854
932.0942992
932.9893129
933.8893267
934.7893405
935.6893543
936.5893681
937.494382
938.3943958
939.2994097
940.2044236
941.1094375
942.0194515
942.9244653
943.8344793
944.7394932
945.6495071
946.5645212
947.4745351
948.3895492
949.2995631
950.2145772
951.1295912
952.0446052
952.9646194
953.8796334
954.7996475
955.7196616
956.6396757
957.5596899
958.484704
959.4097182
960.3297323
961.2547465
962.1847608
963.109775
964.0347892
964.9648035
965.8948177
966.824832
967.7548463
968.6898606
969.6198749
970.5548892
971.4899036
972.4249179
973.3649323
974.2999467
975.2399611
976.1799755
977.1199899
978.0600043
979.0000188
979.9450333
980.8900478
981.8350623
982.7800768
983.7250913
984.6751058
985.6201203
986.5701349
987.5201495
988.4751641
989.4251787
990.3801933
991.3302079
992.2852226
993.2452373
994.200252
995.1552666
996.1152813
997.0752961
998.0353108
998.9953255
999.9603403
1000.925355
1001.88537
1002.850385
1003.8204
1004.785414
1005.750429
1006.720444
1007.690459
1008.660474
1009.635489
1010.605504
1011.580519
1012.555534
1013.530548
1014.505563
1015.480578
1016.460593
1017.440608
1018.420624
1019.400639
1020.380654
1021.365669
1022.350684
1023.335699
1024.320714
1025.305729
1026.295744
1027.280759
1028.270775
1029.26079
1030.255805
1031.24582
1032.240836
1033.235851
1034.230866
1035.225881
1036.220897
1037.220912
1038.220927
1039.220943
1040.220958
1041.220973
1042.225989
1043.231004
1044.23602
1045.241035
1046.24605
1047.256066
1048.266081
1049.276097
1050.286112
1051.296128
1052.311143
1053.321159
1054.336174
1055.35119
1056.371206
1057.386221
1058.406237
1059.426253
1060.446268
1061.466284
1062.4913
1063.511315
1064.536331
1065.561347
1066.586362
1067.616378
1068.646394
1069.67141
1070.706426
1071.736441
1072.766457
1073.801473
1074.836489
1075.871505
1076.906521
1077.946537
1078.981553
1080.021569
1081.061584
1082.1016
1083.146616
1084.191633
1085.231648
1086.276664
1087.326681
1088.371697
1089.421713
1090.471729
1091.521745
1092.571761
1093.626777
1094.676793
1095.73181
1096.786826
1097.841842
1098.901858
1099.961874
1101.021891
1102.081907
1103.141923
1104.201939
1105.266956
1106.331972
1107.396988
1108.467005
1109.532021
1110.602038
1111.672054
1112.74207
1113.812087
1114.887103
1115.96212
1117.037136
1118.112153
1119.187169
1120.267186
1121.347203
1122.427219
1123.507236
1124.587252
1125.672269
1126.757286
1127.842302
1128.927319
1130.017336
1131.102352
1132.192369
1133.282386
1134.377402
1135.467419
1136.562436
1137.657453
1138.75247
1139.847486
1140.947503
1142.04752
1143.147537
1144.247554
1145.347571
1146.452588
1147.557605
1148.662622
1149.767639
1150.877656
1151.987673
1153.09269
1154.207707
1155.317724
1156.432741
1157.542758
1158.657775
1159.772792
1160.892809
1162.012826
1163.127843
1164.247861
1165.372878
1166.492895
1167.617912
1168.74293
1169.867947
1170.992964
1172.122981
1173.252999
1174.383016
1175.513033
1176.648051
1177.778068
1178.913086
1180.048103
1181.188121
1182.323138
1183.463155
1184.603173
1185.74319
1186.883208
1188.028225
1189.173243
1190.318261
1191.463278
1192.613296
1193.763313
1194.913331
1196.063349
1197.213366
1198.368384
1199.523402
1200.67842
1201.833437
1202.993455
1204.148473
1205.308491
1206.473508
1207.633526
1208.798544
1209.958562
1211.12858
1212.293598
1213.458616
1214.628634
1215.798651
1216.968669
1218.143687
1219.318705
1220.488723
1221.668742
1222.84376
1224.018778
1225.198796
1226.378814
1227.563832
1228.74385
1229.928868
1231.113886
1232.298905
1233.483923
1234.673941
1235.863959
1237.053978
1238.243996
1239.439014
1240.629032
1241.824051
1243.024069
1244.219087
1245.419106
1246.619124
1247.819143
1249.019161
1250.22418
1251.429198
1252.634217
1253.839235
1255.049254
1256.254272
1257.464291
1258.679309
1259.889328
1261.104347
1262.319365
1263.534384
1264.749402
1265.969421
1267.18944
1268.409459
1269.629477
1270.854496
1272.079515
1273.304534
1274.529552
1275.759571
1276.98459
1278.214609
1279.449628
1280.679647
1281.914666
1283.149685
1284.384704
1285.619723
1286.859742
1288.099761
1289.33978
1290.584799
1291.824818
1293.069837
1294.314856
1295.559875
1296.809894
1298.059913
1299.309933
1300.559952
1301.814971
1303.06999
1304.32501
1305.580029
1306.835048
1308.095067
1309.355087
1310.615106
1311.880125
1313.145145
1314.410164
1315.675184
1316.940203
1318.210223
1319.480242
1320.750262
1322.020281
1323.295301
1324.57032
1325.84534
1327.125359
1328.400379
1329.680399
1330.960418
1332.245438
1333.525458
1334.810477
1336.095497
1337.385517
1338.675537
1339.960556
1341.255576
1342.545596
1343.840616
1345.130636
1346.430655
1347.725675
1349.025695
1350.320715
1351.625735
1352.925755
1354.230775
1355.530795
1356.840815
1358.145835
1359.455855
1360.765875
1362.075896
1363.385916
1364.700936
1366.015956
1367.330976
1368.645996
1369.966017
1371.286037
1372.606057
1373.926077
1375.251098
1376.576118
1377.901138
1379.231159
1380.556179
1381.886199
1383.21622
1384.55124
1385.886261
1387.221281
1388.556302
1389.891322
1391.231343
1392.571363
1393.911384
1395.256405
1396.601425
1397.946446
1399.291466
1400.641487
1401.986508
1403.341529
1404.691549
1406.04157
1407.396591
1408.751612
1410.111632
1411.471653
1412.826674
1414.191695
1415.551716
1416.916737
1418.281758
1419.646779
1421.0118
1422.381821
1423.751842
1425.121863
1426.496884
1427.871905
1429.246926
1430.621947
1432.001968
1433.381989
1434.762011
1436.142032
1437.527053
1438.912074
1440.297095
1441.682117
1443.072138
1444.462159
1445.852181
1447.247202
1448.642224
1450.037245
1451.432266
1452.832288
1454.232309
1455.632331
1457.032352
1458.437374
1459.842395
1461.247417
1462.657439
1464.06246
1465.472482
1466.887503
1468.297525
1469.712547
1471.127568
1472.54759
1473.962612
1475.382634
1476.807656
1478.227677
1479.652699
1481.077721
1482.502743
1483.932765
1485.362787
1486.792809
1488.222831
1489.657853
1491.092875
1492.527897
1493.967919
1495.402941
1496.847963
1498.287985
1499.733007
1501.173029
1502.623052
1504.068074
1505.518096
1506.968118
1508.418141
1509.873163
1511.328185
1512.783207
1514.23823
1515.698252
1517.158275
1518.618297
1520.083319
1521.548342
1523.013364
1524.478387
1525.948409
1527.418432
1528.888455
1530.363477
1531.8335
1533.308522
1534.788545
1536.268568
1537.74359
1539.228613
1540.708636
1542.193659
1543.678681
1545.168704
1546.653727
1548.14375
1549.633773
1551.128796
1552.623819
1554.118842
1555.613865
1557.113888
1558.613911
1560.113934
1561.618957
1563.11898
1564.629003
1566.134026
1567.644049
1569.154072
1570.664095
1572.179119
1573.689142
1575.209165
1576.724188
1578.244212
1579.764235
1581.284258
1582.809282
1584.334305
1585.859329
1587.384352
1588.914375
1590.444399
1591.979422
1593.509446
1595.044469
1596.584493
1598.119517
1599.65954
1601.199564
1602.744588
1604.289611
1605.834635
1607.379659
1608.929682
1610.479706
1612.02973
1613.579754
1615.134778
1616.689802
1618.249825
1619.809849
1621.369873
1622.929897
1624.494921
1626.054945
1627.624969
1629.189993
1630.760017
1632.330041
1633.905066
1635.48009
1637.055114
1638.630138
1640.210162
1641.790187
1643.370211
1644.950235
1646.535259
1648.125284
1649.710308
1651.300332
1652.890357
1654.480381
1656.075406
1657.67043
1659.265455
1660.865479
1662.465504
1664.065528
1665.670553
1667.275578
1668.880602
1670.490627
1672.095651
1673.705676
1675.320701
1676.935726
1678.550751
1680.165775
1681.7858
1683.405825
1685.02585
1686.650875
1688.2759
1689.900925
1691.52595
1693.155975
1694.786
1696.421025
1698.05605
1699.691075
1701.3261
1702.966125
1704.60615
1706.246175
1707.891201
1709.536226
1711.181251
1712.831276
1714.481302
1716.131327
1717.786352
1719.441378
1721.096403
1722.756429
1724.416454
1726.07648
1727.736505
1729.401531
1731.066556
1732.736582
1734.406607
1736.076633
1737.746659
1739.421684
1741.09671
1742.771736
1744.451762
1746.131787
1747.816813
1749.496839
1751.181865
1752.871891
1754.556917
1756.246942
1757.941968
1759.631994
1761.32702
1763.027046
1764.722072
1766.422099
1768.122125
1769.827151
1771.532177
1773.237203
1774.947229
1776.657256
1778.367282
1780.082308
1781.797334
1783.512361
1785.227387
1786.947413
1788.67244
1790.392466
1792.117493
1793.842519
1795.572546
1797.302572
1799.032599
1800.767625
1802.502652
1804.237679
1805.972705
1807.712732
1809.452759
1811.197785
1812.942812
1814.687839
1816.437866
1818.187893
1819.93792
1821.692946
1823.447973
1825.203
1826.958027
1828.718054
1830.483081
1832.243108
1834.008135
1835.778163
1837.54319
1839.313217
1841.088244
1842.858271
1844.633298
1846.413326
1848.188353
1849.96838
1851.753408
1853.533435
1855.323462
1857.10849
1858.898517
1860.688545
1862.478572
1864.2736
1866.068627
1867.868655
1869.668682
1871.46871
1873.268738
1875.073765
1876.878793
1878.688821
1880.498849
1882.308876
1884.123904
1885.938932
1887.75396
1889.573988
1891.394016
1893.214044
1895.039072
1896.8641
1898.689128
1900.519156
1902.349184
1904.184212
1906.01424
1907.854268
1909.689296
1911.529325
1913.369353
1915.214381
1917.059409
1918.904438
1920.754466
1922.604495
1924.454523
1926.309551
1928.16458
1930.019608
1931.879637
1933.739665
1935.604694
1937.469723
1939.334751
1941.20478
1943.074809
1944.944837
1946.819866
1948.694895
1950.569924
1952.449952
1954.329981
1956.21001
1958.095039
1959.985068
1961.870097
1963.760126
1965.650155
1967.545184
1969.440213
1971.335242
1973.235271
1975.1353
1977.04033
1978.945359
1980.850388
1982.760417
1984.670447
1986.580476
1988.495505
1990.410535
1992.325564
1994.245594
1996.165623
1998.090653
2000.015682
2001.940712
2003.865741
2005.800771
2007.7308
2009.66583
2011.60086
2013.53589
2015.475919
2017.420949
2019.360979
2021.306009
2023.256039
2025.201068
2027.156098
2029.106128
2031.061158
2033.016188
2034.976218
2036.936248
2038.896279
2040.861309
2042.826339
2044.796369
2046.766399
2048.73643
2050.71146
2052.68649
2054.66152
2056.641551
2058.621581
2060.606612
2062.591642
2064.576673
2066.566703
2068.556734
2070.546764
2072.541795
2074.541825
2076.536856
2078.536887
2080.541917
2082.541948
2084.551979
2086.55701
2088.567041
2090.577071
2092.592102
2094.607133
2096.627164
2098.647195
2100.667226
2102.692257
2104.717288
2106.742319
2108.772351
2110.802382
2112.837413
2114.872444
2116.907475
2118.947507
2120.987538
2123.032569
2125.077601
2127.122632
2129.172663
2131.222695
2133.277726
2135.332758
2137.38779
2139.447821
2141.507853
2143.572884
2145.637916
2147.702948
2149.77298
2151.843011
2153.913043
2155.988075
2158.068107
2160.143139
2162.228171
2164.308202
2166.393234
2168.478266
2170.568299
2172.658331
2174.753363
2176.848395
2178.943427
2181.043459
2183.143491
2185.248524
2187.353556
2189.458588
2191.568621
2193.678653
2195.793686
2197.908718
2200.02375
2202.143783
2204.263815
2206.388848
2208.513881
2210.638913
2212.768946
2214.898979
2217.034011
2219.169044
2221.309077
2223.44911
2225.589143
2227.734176
2229.879208
2232.024241
2234.174274
2236.329307
2238.48434
2240.639373
2242.794407
2244.95444
2247.119473
2249.284506
2251.449539
2253.619573
2255.789606
2257.964639
2260.139673
2262.314706
2264.494739
2266.674773
2268.859806
2271.04484
2273.229873
2275.419907
2277.614941
2279.804974
2282.005008
2284.200042
2286.400075
2288.605109
2290.810143
2293.015177
2295.225211
2297.435245
2299.645279
2301.860313
2304.080347
2306.300381
2308.520415
2310.745449
2312.970483
2315.195517
2317.425551
2319.660586
2321.89562
2324.130654
2326.370689
2328.610723
2330.850757
2333.095792
2335.345826
2337.595861
2339.845895
2342.10093
2344.355965
2346.615999
2348.876034
2351.136069
2353.401103
2355.671138
2357.936173
2360.211208
2362.481243
2364.756278
2367.036313
2369.316348
2371.596382
2373.881418
2376.171453
2378.456488
2380.751523
2383.041558
2385.336593
2387.636629
2389.936664
2392.236699
2394.541734
2396.84677
2399.156805
2401.466841
2403.781876
2406.096912
2408.411947
2410.731983
2413.057019
2415.382054
2417.70709
2420.037126
2422.367161
2424.702197
2427.037233
2429.372269
2431.712305
2434.057341
2436.402377
2438.747413
2441.097449
2443.447485
2445.802521
2448.157557
2450.517593
2452.877629
2455.237666
2457.602702
2459.972738
2462.342775
2464.712811
2467.087847
2469.462884
2471.84292
2474.222957
2476.602993
2478.99303
2481.378067
2483.768103
2486.16314
2488.558177
2490.953214
2493.35325
2495.753287
2498.158324
2500.563361
2502.973398
2505.383435
2507.798472
2510.213509
2512.628546
2515.053583
2517.47362
2519.898658
2522.323695
2524.753732
2527.188769
2529.623807
2532.058844
2534.498882
2536.938919
2539.383957
2541.828994
2544.279032
2546.729069
2549.179107
2551.634144
2554.094182
2556.55422
2559.014258
2561.479295
2563.949333
2566.419371
2568.889409
2571.364447
2573.839485
2576.319523
2578.804561
2581.284599
2583.774637
2586.259676
2588.754714
2591.244752
2593.74479
2596.239829
2598.739867
2601.244906
2603.749944
2606.259982
2608.770021
2611.280059
2613.795098
2616.315137
2618.835175
2621.355214
2623.880253
2626.410292
2628.94033
2631.470369
2634.005408
2636.545447
2639.085486
2641.625525
2644.170564
2646.715603
2649.265642
2651.820681
2654.370721
2656.93076
2659.490799
2662.050838
2664.615878
2667.180917
2669.750956
2672.320996
2674.896035
2677.471075
2680.051114
2682.631154
2685.216194
2687.801233
2690.391273
2692.986313
2695.576353
2698.176393
2700.771432
2703.376472
2705.976512
2708.586552
2711.196592
2713.806632
2716.421672
2719.036713
2721.656753
2724.276793
2726.901833
2729.526873
2732.156914
2734.786954
2737.421995
2740.062035
2742.697076
2745.342116
2747.987157
2750.632197
2753.282238
2755.932279
2758.587319
2761.24736
2763.907401
2766.567442
2769.232483
2771.897523
2774.567564
2777.242605
2779.917647
2782.597688
2785.277729
2787.95777
2790.642811
2793.332852
2796.022894
2798.717935
2801.412976
2804.108018
2806.813059
2809.513101
2812.223142
2814.928184
2817.643225
2820.353267
2823.073309
2825.79335
2828.513392
2831.238434
2833.963476
2836.693518
2839.428559
2842.163601
2844.898643
2847.638685
2850.383728
2853.12877
2855.878812
2858.628854
2861.378896
2864.138939
2866.893981
2869.659023
2872.424066
2875.189108
2877.959151
2880.729193
2883.504236
2886.284278
2889.064321
2891.844364
2894.629406
2897.419449
2900.209492
2903.004535
2905.799578
2908.599621
2911.399664
2914.204707
2917.00975
2919.819793
2922.634836
2925.449879
2928.264922
2931.089966
2933.910009
2936.735052
2939.565096
2942.395139
2945.230183
2948.070226
2950.91027
2953.750313
2956.595357
2959.445401
2962.295444
2965.145488
2968.005532
2970.860576
2973.72562
2976.590664
2979.455708
2982.325752
2985.200796
2988.07584
2990.950884
2993.830928
2996.715972
2999.606017
3002.491061
3005.386105
3008.28115
3011.176194
3014.076239
3016.981283
3019.886328
3022.796372
3025.706417
3028.621462
3031.541507
3034.461551
3037.381596
3040.306641
3043.236686
3046.166731
3049.101776
3052.041821
3054.976866
3057.921911
3060.866957
3063.817002
3066.767047
3069.722092
3072.677138
3075.637183
3078.602229
3081.567274
3084.53232
3087.507365
3090.477411
3093.457457
3096.437502
3099.417548
3102.402594
3105.39264
3108.382685
3111.377731
3114.372777
3117.372823
3120.377869
3123.382916
3126.392962
3129.403008
3132.418054
3135.4331
3138.453147
3141.478193
3144.50324
3147.533286
3150.563333
3153.598379
3156.638426
3159.678472
3162.718519
3165.768566
3168.818613
3171.868659
3174.923706
3177.983753
3181.0438
3184.108847
3187.173894
3190.243941
3193.318988
3196.394036
3199.474083
3202.55413
3205.639177
3208.724225
3211.819272
3214.90932
3218.009367
3221.109415
3224.209462
3227.31451
3230.424558
3233.534605
3236.649653
3239.769701
3242.889749
3246.014797
3249.139845
3252.269893
3255.399941
3258.534989
3261.675037
3264.820085
3267.965134
3271.110182
3274.26023
3277.415279
3280.570327
3283.730375
3286.895424
3290.060473
3293.230521
3296.40057
3299.575619
3302.755667
3305.935716
3309.120765
3312.310814
3315.500863
3318.690912
3321.890961
3325.09101
3328.291059
3331.496108
3334.706157
3337.921207
3341.136256
3344.351305
3347.576355
3350.796404
3354.026454
3357.256503
3360.491553
3363.726603
3366.966652
3370.211702
3373.456752
3376.706802
3379.961852
3383.216902
3386.471952
3389.737002
3393.002052
3396.267102
3399.542152
3402.817202
3406.092253
3409.372303
3412.657353
3415.947404
3419.237454
3422.527505
3425.827555
3429.127606
3432.427657
3435.732707
3439.042758
3442.357809
3445.67286
3448.992911
3452.312962
3455.638013
3458.968064
3462.298115
3465.633166
3468.973217
3472.313269
3475.65832
3479.008371
3482.358423
3485.713474
3489.068526
3492.428577
3495.793629
3499.16368
3502.533732
3505.903784
3509.283836
3512.663888
3516.048939
3519.433991
3522.824043
3526.219095
3529.614148
3533.0142
3536.414252
3539.824304
3543.234356
3546.644409
3550.059461
3553.479514
3556.904566
3560.329619
3563.759671
3567.194724
3570.629777
3574.06983
3577.509882
3580.954935
3584.404988
3587.860041
3591.315094
3594.775147
3598.2352
3601.700253
3605.170307
3608.64536
3612.120413
3615.600467
3619.08052
3622.570574
3626.055627
3629.550681
3633.045734
3636.545788
3640.050842
3643.555896
3647.065949
3650.576003
3654.096057
3657.611111
3661.136165
3664.661219
3668.191273
3671.726328
3675.261382
3678.801436
3682.346491
3685.891545
3689.4466
3692.996654
3696.556709
3700.116763
3703.681818
3707.246873
3710.816927
3714.391982
3717.972037
3721.552092
3725.137147
3728.727202
3732.317257
3735.912312
3739.512368
3743.112423
3746.717478
3750.327533
3753.937589
3757.552644
3761.1727
3764.797755
3768.422811
3772.052867
3775.687923
3779.322978
3782.963034
3786.60809
3790.253146
3793.908202
3797.563258
3801.218314
3804.87837
3808.543427
3812.213483
3815.883539
3819.563596
3823.238652
3826.923709
3830.608765
3834.298822
3837.993878
3841.688935
3845.388992
3849.094049
3852.799106
3856.514162
3860.229219
3863.944276
3867.669334
3871.394391
3875.124448
3878.854505
3882.589563
3886.32962
3890.074677
3893.819735
3897.569792
3901.32485
3905.084908
3908.844965
3912.610023
3916.380081
3920.150139
3923.930197
3927.705255
3931.490313
3935.275371
3939.070429
3942.860487
3946.660545
3950.460604
3954.265662
3958.075721
3961.890779
3965.705838
3969.525896
3973.350955
3977.176014
3981.006072
3984.841131
3988.68119
3992.521249
3996.366308
4000.216367
4004.071426
4007.926485
4011.786545
4015.651604
4019.521663
4023.391723
4027.266782
4031.146842
4035.026901
4038.916961
4042.80702
4046.70208
4050.59714
4054.5022
4058.40726
4062.31232
4066.22738
4070.14244
4074.0625
4077.98756
4081.91762
4085.847681
4089.782741
4093.722801
4097.667862
4101.612923
4105.562983
4109.518044
4113.478105
4117.438165
4121.408226
4125.378287
4129.348348
4133.328409
4137.30847
4141.293531
4145.283592
4149.273654
4153.273715
4157.273776
4161.278838
4165.283899
4169.298961
4173.314023
4177.334084
4181.359146
4185.384208
4189.41927
4193.454331
4197.489393
4201.534455
4205.579517
4209.63458
4213.689642
4217.744704
4221.809766
4225.874829
4229.944891
4234.019954
4238.100016
4242.180079
4246.265142
4250.355204
4254.450267
4258.55033
4262.650393
4266.755456
4270.865519
4274.980582
4279.100645
4283.220709
4287.345772
4291.475835
4295.610899
4299.745962
4303.891026
4308.036089
4312.186153
4316.336217
4320.49628
4324.656344
4328.821408
4332.991472
4337.166536
4341.3466
4345.526664
4349.711729
4353.901793
4358.096857
4362.291922
4366.496986
4370.702051
4374.912115
4379.12718
4383.342245
4387.567309
4391.792374
4396.022439
4400.257504
4404.497569
4408.737634
4412.982699
4417.232764
4421.48783
4425.747895
4430.012961
4434.278026
4438.548091
4442.828157
4447.103223
4451.388288
4455.678354
4459.96842
4464.263486
4468.563552
4472.868618
4477.178684
4481.48875
4485.808816
4490.128883
4494.453949
4498.784016
4503.114082
4507.454149
4511.794215
4516.139282
4520.489348
4524.844415
4529.204482
4533.564549
4537.934616
4542.304683
4546.67975
4551.059817
4555.439885
4559.829952
4564.220019
4568.620087
4573.020154
4577.425222
4581.83529
4586.245357
4590.665425
4595.085493
4599.510561
4603.940629
4608.375697
4612.815765
4617.260833
4621.705901
4626.16097
4630.616038
4635.076106
4639.541175
4644.011243
4648.481312
4652.961381
4657.441449
4661.926518
4666.416587
4670.911656
4675.411725
4679.916794
4684.421863
4688.936933
4693.452002
4697.972071
4702.497141
4707.02721
4711.56228
4716.102349
4720.642419
4725.192489
4729.742559
4734.297629
4738.857698
4743.422768
4747.992839
4752.562909
4757.142979
4761.723049
4766.31312
4770.90319
4775.498261
4780.098331
4784.703402
4789.313473
4793.923543
4798.543614
4803.163685
4807.793756
4812.423827
4817.058898
4821.698969
4826.344041
4830.989112
4835.644183
4840.304255
4844.964326
4849.629398
4854.30447
4858.979541
4863.659613
4868.344685
4873.034757
4877.724829
4882.424901
4887.129973
4891.835045
4896.550118
4901.26519
4905.985262
4910.710335
4915.440407
4920.17548
4924.915553
4929.660626
4934.405698
4939.160771
4943.915844
4948.680917
4953.44599
4958.216064
4962.996137
4967.77621
4972.561284
4977.351357
4982.146431
4986.941504
4991.746578
4996.556652
5001.366726
5006.1868
5011.006873
5015.831948
5020.667022
5025.502096
5030.34217
5035.187244
5040.037319
5044.892393
5049.752468
5054.617543
5059.482617
5064.357692
5069.237767
5074.117842
5079.007917
5083.897992
5088.798067
5093.698142
5098.603217
5103.513293
5108.433368
5113.353444
5118.278519
5123.208595
5128.14367
5133.083746
5138.023822
5142.973898
5147.928974
5152.88905
5157.849126
5162.819202
5167.794279
5172.769355
5177.754432
5182.739508
5187.734585
5192.729661
5197.729738
5202.739815
5207.749892
5212.764969
5217.785046
5222.815123
5227.8452
5232.880277
5237.920355
5242.965432
