0.2685709569
0.1899223018
0.1550163518
0.1343436047
0.1202730028
0.1098715098
0.1017761399
0.09523088836
0.08977468888
0.08517655073
0.08120665904
0.07465289632
0.06947682351
0.06525494027
0.06171920563
0.05734564622
0.05276211155
0.04995471698
0.04615811261
0.04313086516
0.04062561042
0.03773581751
0.03509145163
0.03291563152
0.03067582705
0.0285018656
0.0266413994
0.02488468723
0.02319247973
0.02168242275
0.02029112837
0.01893677786
0.01767749694
0.01651860226
0.01539546302
0.01434268936
0.01334997916
0.01242043663
0.01156453933
0.01078480951
0.01006041612
0.009369983168
0.008756928199
0.008170128778
0.00760752435
0.007084919217
0.006635569734
0.006219340826
0.005825879906
0.005480612244
0.005171385387
0.004903518664
0.004643415226
0.004408114261
0.004181264039
0.003973839169
0.003780751619
0.003634051632
0.003518156615
0.003423017604
0.003375200781
0.003367230697
0.003388844689
0.003455509306
0.003581532247
0.00372603053
0.003886167776
0.004066542563
0.00424475559
0.004396729056
0.004536810223
0.004651310416
0.004761246211
0.004892199474
0.005109133641
0.005406617433
0.005771889937
0.006165670997
0.006637342129
0.00721231393
0.007951551505
0.008859221335
0.009916250369
0.01105891689
0.01224532936
0.01348755808
0.01480955287
0.01612922002
0.01722940463
0.01766639114
0.01705046773
0.01473015664
0.01076450694
