0.2685287831
0.1899941621
0.1551898762
0.1343734083
0.1201748009
0.1096932481
0.1015489007
0.09498420557
0.08955197376
0.08495627485
0.08100769468
0.07450504194
0.06934173862
0.06512305398
0.06161644016
0.05732323239
0.05384193818
0.05093580719
0.04768782872
0.04435899068
0.04160204076
0.03886268876
0.0362422304
0.03411637852
0.03187199152
0.02983179105
0.02784181955
0.02610628
0.02445544134
0.02292530536
0.02153320328
0.02015744028
0.01890855006
0.01770825924
0.01656449798
0.01547844683
0.01444924884
0.01351350785
0.01263429402
0.01182035541
0.01109064193
0.010403167
0.009754443045
0.009157717555
0.008608369487
0.008104956711
0.007623196529
0.007178894187
0.006748659177
0.006336625185
0.005948340574
0.005591653401
0.005268716573
0.004970908137
0.004691330721
0.004421176965
0.004187794292
0.003988362941
0.003813132678
0.003695933994
0.003607790157
0.003535180115
0.003470831135
0.003438209393
0.003429932334
0.003421860702
0.003419854685
0.003444980944
0.003474125802
0.003507932272
0.00356778536
0.003654065341
0.003766737052
0.003888107653
0.004003826922
0.004131083389
0.004278508592
0.004469164817
0.004761970762
0.005159090949
0.005658997886
0.006210115901
0.006773119353
0.007327621981
0.00778157562
0.008039585484
0.008109970639
0.008151151592
0.008322653947
0.008774568976
0.009366919541
0.01004087444
