0.377389574
0.2319310351
0.1788587265
0.1501376078
0.1316675349
0.1185745216
0.1086941407
0.1009065646
0.09456904924
0.08928379771
0.08479008859
0.07751390923
0.07183104454
0.06723525188
0.06341976248
0.05874462014
0.05386412372
0.05090864332
0.04690662016
0.04372035615
0.04110587644
0.03812575983
0.0354033862
0.03319170685
0.03093409308
0.02875042314
0.02683875802
0.02504561212
0.02330496058
0.02174108697
0.02028145705
0.01889385149
0.01760587287
0.01642753154
0.01530903745
0.01427160132
0.01330660268
0.01240930037
0.01157663144
0.01079744779
0.01007391441
0.009394779228
0.008769337315
0.008181494258
0.007636906024
0.007130033712
0.006660264231
0.00622375362
0.005818784703
0.005443577041
0.005098250637
0.004780070932
0.004488606781
0.004222605785
0.003982551295
0.003767323077
0.003576965585
0.003411584534
0.003271813579
0.003157854946
0.003070380572
0.003009831234
0.002976698537
0.002971202076
0.00299340392
0.003043132724
0.003119996929
0.003223500613
0.003353120938
0.003508341601
0.003688753673
0.003894140403
0.004124474378
0.004379946431
0.004661021962
0.004968392977
0.005302925393
0.005665798202
0.006058363383
0.006482182493
0.006939070803
0.007431026726
0.007960259292
0.008529231174
0.009140573463
0.009797209737
0.01050225209
0.01125909568
0.01207140525
0.01294310861
0.01387845336
0.01488198144
0.01595860404
