72887.9104
51550.0328
42062.58441
36418.32747
32580.94709
29754.8595
27561.05856
25792.64035
24332.19633
23091.55585
22026.66783
21094.58855
20271.73698
19537.82608
18877.90262
18280.47267
17734.34389
17231.92982
16772.0596
16346.30153
15950.82163
15581.39649
15238.27099
14916.82231
14615.65735
14331.34764
14062.18366
13808.57808
13568.16487
13339.32625
13121.80441
12914.34813
12716.75851
12527.51116
12347.74443
12175.31512
12009.89794
11850.64811
11698.36331
11552.02668
11411.37662
11275.38874
11144.32062
11018.09915
10895.73352
10777.16819
10662.64216
10552.0395
10444.70438
10340.95563
10240.70513
10143.86347
10049.5982
9958.164468
9868.952524
9782.256607
9697.751839
9615.585121
9535.57364
9457.948634
9382.180906
9308.282163
9236.354382
9165.982827
9097.060442
9029.732058
8963.91597
8899.789813
8836.716178
8774.959685
8714.621368
8655.654819
8597.800011
8540.908157
8485.444446
8431.064157
8377.498209
8324.800566
8273.091987
8222.347539
8172.532085
8123.505657
8075.394422
8028.074498
7981.499646
7935.447273
7889.930713
7845.006552
7800.826946
7757.252753
7714.180302
7671.710271
7629.746994
7588.296239
7547.39049
7507.073411
7467.409955
7428.316065
7389.710678
7351.758835
7314.146233
7277.01933
7240.477794
7204.511324
7169.139396
7134.178548
7099.550535
7065.495883
7031.916664
6998.776233
6966.05499
6933.771833
6902.006274
6870.576164
6839.56499
6808.967075
6778.719046
6748.951717
6719.573797
6690.605918
6662.038476
6633.652797
6605.438831
6577.424876
6549.782635
6522.542958
6495.725958
6469.244218
6443.188371
6417.451455
6392.038181
6366.996471
6342.316167
6317.996641
6293.938636
6270.098066
6246.605675
6223.274316
6200.153717
6177.257133
6154.584452
6132.084485
6109.827662
6087.744871
6065.849254
6044.255915
6022.935718
6001.811098
5980.956019
5960.406419
5940.027097
5919.915893
5900.080871
5880.427373
5861.058796
5841.947118
5823.004507
5804.203206
5785.592391
5767.087174
5748.828211
5730.665835
5712.687662
5694.94649
5677.480077
5660.116953
5642.910922
5625.845977
5608.953737
5592.231516
5575.643524
5559.257126
5543.101561
5527.078434
5511.259999
5495.568592
5480.005189
5464.590273
5449.339487
5434.18817
5419.177241
5404.34721
5389.634861
5375.08034
5360.660457
5346.366287
5332.193028
5318.132048
5304.170662
5290.413026
5276.786893
5263.278401
5249.864726
5236.575916
5223.39728
5210.338093
5197.389228
5184.525667
5171.751715
5159.166682
5146.707273
5134.33627
5122.049381
5109.8087
5097.6709
5085.601778
5073.553396
5061.640629
5049.848181
5038.144221
5026.550338
5015.062753
5003.674343
4992.355729
4981.141496
4969.998494
4958.946726
4947.966274
4937.026712
4926.164897
4915.359856
4904.637729
4893.970308
4883.352429
4872.820075
4862.356285
4851.972401
4841.661708
4831.411616
4821.237972
4811.124616
4801.052328
4791.066206
4781.121715
4771.221547
4761.386837
4751.594431
4741.855068
4732.147024
4722.480837
4712.909876
4703.391979
4693.984347
4684.677127
4675.454031
4666.321041
4657.268962
4648.268446
4639.306316
4630.427035
4621.615996
4612.850973
4604.144604
4595.46357
4586.832279
4578.250468
4569.698638
4561.216483
4552.791912
4544.417128
4536.035689
4527.647485
4519.324119
4511.006315
4502.739838
4494.488777
4486.25238
4478.035387
4469.887265
4461.774427
4453.758153
4445.762586
4437.794983
4429.893674
4422.038902
4414.23574
4406.491963
4398.798995
4391.141112
4383.556925
4376.008772
4368.519845
4361.063614
4353.596314
4346.170548
4338.78779
4331.466408
4324.179817
4316.98001
4309.858637
4302.759136
4295.697774
4288.659881
4281.662992
4274.697192
4267.761652
4260.829242
4253.944393
4247.071904
4240.213026
4233.375835
4226.583132
4219.827577
4213.09204
4206.392814
4199.704686
4193.037704
4186.401768
4179.777844
4173.142481
4166.525049
4159.943332
4153.417769
4146.939384
4140.510834
4134.12556
4127.783463
4121.494135
4115.240653
4109.038054
4102.853147
4096.700023
4090.591922
4084.514225
4078.464411
4072.429906
4066.395595
4060.368866
4054.341377
4048.349068
4042.383614
4036.488732
4030.622734
4024.774829
4018.956001
4013.172146
4007.40228
4001.667182
3995.951818
3990.253107
3984.583503
3978.925915
3973.268001
3967.650839
3962.034983
3956.416951
3950.839576
3945.275669
3939.724415
3934.186367
3928.695606
3923.242901
3917.843717
3912.448092
3907.071448
3901.717817
3896.374655
3891.050766
3885.760162
3880.533024
3875.323724
3870.111753
3864.914769
3859.736858
3854.57087
3849.43689
3844.309977
3839.199929
3834.11369
3829.060732
3824.039236
3819.032181
3814.042642
3809.059227
3804.099348
3799.174576
3794.297741
3789.432624
3784.570153
3779.740404
3774.932181
3770.139752
3765.341841
3760.573024
3755.828729
3751.0897
3746.369427
3741.664836
3736.981697
3732.306089
3727.648441
3723.0035
3718.370064
3713.736788
3709.120845
3704.513758
3699.937083
3695.355974
3690.762122
3686.160795
3681.564467
3676.989302
3672.431172
3667.894673
3663.35179
3658.8465
3654.370541
3649.897813
3645.426746
3640.979106
3636.557676
3632.172347
3627.816359
3623.466034
3619.110921
3614.769203
3610.436433
3606.132369
3601.847021
3597.579742
3593.31795
3589.065514
3584.842012
3580.628153
3576.419729
3572.230889
3568.056591
3563.888407
3559.736706
3555.584034
3551.44457
3547.298576
3543.166431
3539.050072
3534.946379
3530.81735
3526.71328
3522.639387
3518.584225
3514.529809
3510.493464
3506.487807
3502.510425
3498.529483
3494.558453
3490.601953
3486.656324
3482.728337
3478.80086
3474.869218
3470.950828
3467.03998
3463.155765
3459.283897
3455.431553
3451.610149
3447.803243
3444.009857
3440.216292
3436.429759
3432.66271
3428.930388
3425.211738
3421.525078
3417.839951
3414.167965
3410.502357
3406.843319
3403.199221
3399.554187
3395.916765
3392.284157
3388.678595
3385.075998
3381.484387
3377.914568
3374.366476
3370.828635
3367.296954
3363.792023
3360.288612
3356.801899
3353.31373
3349.85327
3346.385496
3342.915691
3339.465665
3336.014212
3332.574426
3329.143429
3325.709546
3322.279011
3318.859119
3315.45447
3312.06515
3308.679641
3305.309198
3301.953166
3298.59668
3295.237217
3291.887652
3288.555089
3285.227578
3281.913932
3278.609066
3275.31638
3272.023135
3268.744879
3265.480072
3262.225345
3258.977235
3255.746589
3252.51551
3249.29591
3246.080703
3242.869168
3239.660167
3236.460684
3233.270863
3230.095538
3226.946802
3223.816818
3220.693869
3217.560161
3214.448727
3211.355713
3208.2727
3205.187287
3202.125631
3199.063128
3196.005211
3192.954776
3189.908837
3186.882564
3183.885462
3180.908593
3177.941851
3174.970609
3172.007947
3169.061443
3166.127784
3163.210594
3160.306799
3157.41634
3154.536814
3151.657793
3148.787585
3145.922196
3143.066798
3140.225553
3137.387832
3134.5543
3131.731363
3128.918478
3126.123474
3123.346255
3120.579493
3117.819503
3115.067327
3112.32512
3109.596045
3106.868838
3104.151937
3101.44488
3098.744
3096.048883
3093.367362
3090.704737
3088.040885
3085.389564
3082.741807
3080.105664
3077.476227
3074.859081
3072.250959
3069.648144
3067.050346
3064.461328
3061.873526
3059.279234
3056.692262
3054.099335
3051.509146
3048.927099
3046.348259
3043.783427
3041.229919
3038.692247
3036.150236
3033.613627
3031.082123
3028.552071
3026.030487
3023.514678
3020.996304
3018.488981
3015.998735
3013.528162
3011.057187
3008.595451
3006.141614
3003.688771
3001.231207
2998.777296
2996.324611
2993.875569
2991.443313
2989.01612
2986.596372
2984.182516
2981.773181
2979.374322
2976.976427
2974.589913
2972.202764
2969.827049
2967.459056
2965.096639
2962.743745
2960.399015
2958.052994
2955.716833
2953.390374
2951.082428
2948.773626
2946.471132
2944.174397
2941.879067
2939.60057
2937.323045
2935.040503
2932.766473
2930.489935
2928.216628
2925.944724
2923.681999
2921.4267
2919.170262
2916.914443
2914.660957
2912.403653
2910.15521
2907.917205
2905.686256
2903.455213
2901.220292
2898.996386
2896.781532
2894.568513
2892.36547
2890.176414
2888.000518
2885.832731
2883.663034
2881.505212
2879.351602
2877.208667
2875.066283
2872.932094
2870.809014
2868.688763
2866.566247
2864.439595
2862.311241
2860.192792
2858.076109
2855.963162
2853.863686
2851.779209
2849.700422
2847.628696
2845.559596
2843.50513
2841.458214
2839.413119
2837.373985
2835.343773
2833.311336
2831.288742
2829.271458
2827.261081
2825.253941
2823.255963
2821.26985
2819.30015
2817.335883
2815.384397
2813.434303
2811.498911
2809.573765
2807.652693
2805.743226
2803.834498
2801.937562
2800.058422
2798.192087
2796.327933
2794.475202
2792.626
2790.778523
2788.93006
2787.077852
2785.227466
2783.376653
2781.528904
2779.690679
2777.860961
2776.035968
2774.217816
2772.407073
2770.6078
2768.806754
2767.005111
2765.20449
2763.407522
2761.619083
2759.834773
2758.060639
2756.283389
2754.49748
2752.713132
2750.934139
2749.16403
2747.40706
2745.655065
2743.898063
2742.152295
2740.407871
2738.662547
2736.933681
2735.203172
2733.478862
2731.75922
2730.046586
2728.335093
2726.629369
2724.929336
2723.234467
2721.543331
2719.853465
2718.170473
2716.483524
2714.792676
2713.106363
2711.421281
2709.742943
2708.07168
2706.409449
2704.748445
2703.085323
2701.431465
2699.773281
2698.115418
2696.453913
2694.793225
2693.139544
2691.486645
2689.825618
2688.160707
2686.499553
2684.845268
2683.182834
2681.523081
2679.870837
2678.223054
2676.584735
2674.944816
2673.308328
2671.671507
2670.038777
2668.404702
2666.770437
2665.139913
2663.509893
2661.878509
2660.248249
2658.618351
2656.986174
2655.363505
2653.738307
2652.106861
2650.487542
2648.869582
2647.262748
2645.652997
2644.047676
2642.447967
2640.853169
2639.263114
2637.680187
2636.099732
2634.519106
2632.943717
2631.369167
2629.803989
2628.242269
2626.680634
2625.120173
2623.567678
2622.015379
2620.47379
2618.941126
2617.414457
2615.890355
2614.36821
2612.84812
2611.332329
2609.821285
2608.319586
2606.826437
2605.339248
2603.84927
2602.364949
2600.88455
2599.401638
2597.928968
2596.458246
2594.991806
2593.534753
2592.078816
2590.620129
2589.166207
2587.703761
2586.238982
2584.777127
2583.320612
2581.869125
2580.4241
2578.986473
2577.547429
2576.114568
2574.681057
2573.246351
2571.809684
2570.376141
2568.931446
2567.490846
2566.055785
2564.622374
2563.191231
2561.758412
2560.329902
2558.904663
2557.477399
2556.051006
2554.620015
2553.192647
2551.767196
2550.346926
2548.928018
2547.50836
2546.086249
2544.668426
2543.249738
2541.835118
2540.425756
2539.023561
2537.620597
2536.219866
2534.82464
2533.435175
2532.043559
2530.659309
2529.27953
2527.900072
2526.524471
2525.148678
2523.777751
2522.407584
2521.039631
2519.674618
2518.317624
2516.965204
2515.618524
2514.274632
2512.93367
2511.589086
2510.240782
2508.897694
2507.557258
2506.221304
2504.886274
2503.550869
2502.215992
2500.887854
2499.559382
2498.235921
2496.916121
2495.596952
2494.282042
2492.970925
2491.656133
2490.346994
2489.03724
2487.71893
2486.403648
2485.086255
2483.779449
2482.477706
2481.182689
2479.888679
2478.590885
2477.293227
2475.999625
2474.707478
2473.415867
2472.129131
2470.847653
2469.565587
2468.287823
2467.008083
2465.732613
2464.457409
2463.184613
2461.91493
2460.645821
2459.382068
2458.120546
2456.856012
2455.593955
2454.326402
2453.060394
2451.79163
2450.520171
2449.251562
2447.987449
2446.724579
2445.458695
2444.198062
2442.936076
2441.682856
2440.435082
2439.186312
2437.944386
2436.708539
2435.474331
2434.245962
2433.013454
2431.790692
2430.573136
2429.355608
2428.137261
2426.917977
2425.695921
2424.473314
2423.252426
2422.034955
2420.819324
2419.609228
2418.39854
2417.189636
2415.9822
2414.773257
2413.561826
2412.348375
2411.137135
2409.925556
2408.713257
2407.504931
2406.295556
2405.089698
2403.883784
2402.679473
2401.478485
2400.282259
2399.087784
2397.887855
2396.68762
2395.489158
2394.287702
2393.087892
2391.894186
2390.702982
2389.512153
2388.326801
2387.137163
2385.953479
2384.772072
2383.59134
2382.413402
2381.237925
2380.07002
2378.907579
2377.745683
2376.583393
2375.422154
2374.257189
2373.094317
2371.935098
2370.775097
2369.616498
2368.459107
2367.300609
2366.147136
2364.9936
2363.842167
2362.691273
2361.54009
2360.391556
2359.244429
2358.098822
2356.956838
2355.814164
2354.676449
2353.539736
2352.410791
2351.282468
2350.152806
2349.024665
2347.901571
2346.779232
2345.657547
2344.539825
2343.424763
2342.308877
2341.191932
2340.073946
2338.951926
2337.833641
2336.71996
2335.609459
2334.501791
2333.395073
2332.288426
2331.187842
2330.089919
2328.987801
2327.880425
2326.77692
2325.676418
2324.584614
2323.492209
2322.402264
2321.308624
2320.222816
2319.141832
2318.062627
2316.981456
2315.899944
2314.813288
2313.725422
2312.64282
2311.562067
2310.481407
2309.402788
2308.323519
2307.250578
2306.172161
2305.094815
2304.015484
2302.935847
2301.853743
2300.781591
2299.711474
2298.644564
2297.579034
2296.510588
2295.444787
2294.383924
2293.32479
2292.263474
2291.205115
2290.147416
2289.090582
2288.034174
2286.979329
2285.925523
2284.87089
2283.816377
2282.759656
2281.703882
2280.646885
2279.590661
2278.537733
2276.428274
2275.375412
2274.325833
2273.278939
2272.232907
2271.187085
2270.136861
2269.086138
2268.036351
2266.981537
2265.925563
2264.868229
2263.809251
2262.75251
2261.699217
2260.648946
2259.600915
2258.555976
2257.508097
2256.461514
2255.416889
2254.374304
2252.295602
2251.255519
2250.21978
2249.188674
2248.157092
2247.12184
2246.091989
2245.060142
2244.024753
2242.989963
2241.957085
2240.924612
2239.892321
2238.860624
2237.827961
2235.76779
2234.740734
2233.715018
2232.688808
2231.662963
2230.630047
2229.596563
2228.561712
2227.529854
2226.501829
2225.472471
2224.441309
2223.411015
2221.344301
2220.312057
2219.283723
2218.255074
2217.226898
2216.200733
2215.171583
2214.143779
2213.118532
2212.094411
2211.073334
2209.029145
2208.009018
2206.987267
2205.968527
2204.952003
2203.937891
2202.928426
2201.916605
2200.907256
2199.897352
2197.876159
2196.864207
2195.85228
2194.840325
2193.828194
2192.820072
2191.813666
2190.813137
2189.817111
2187.825399
2186.832208
2185.844226
2184.85473
2183.862987
2182.873517
2181.887493
2180.902188
2178.933786
2177.949615
2176.965488
2175.981713
2174.998813
2174.015925
2173.036592
2172.061018
2170.112032
2169.145503
2168.18343
2167.228481
2166.27624
2165.324888
2164.376919
2162.480724
2161.533784
2160.585806
2159.643099
2158.698226
2157.751035
2156.803819
2154.908853
2153.965619
2153.022422
2152.078779
2151.134108
2150.186581
2148.301971
2147.361142
2146.426133
2145.493797
2144.565016
2143.636565
2141.790977
2140.865655
2139.940206
2139.014867
2138.085792
2137.156445
2135.298209
2134.373201
2133.450336
2132.526883
2131.607169
2130.69149
2128.856452
2127.939972
2127.02205
2126.101022
2125.182303
2124.27015
2122.444205
2121.52818
2120.615238
2119.699024
2118.785219
2116.964852
2116.055912
2115.148
2114.237879
2113.328911
2111.521645
2110.617032
2109.711023
2108.803819
2107.893279
2106.073262
2105.163735
2104.252043
2103.342487
2102.431186
2100.611336
2099.703653
2098.795361
2097.888526
2096.98071
2095.179778
2094.284822
2093.386021
2092.489733
2091.600135
2089.820651
2088.929843
2088.040993
2087.155587
2085.389182
2084.50933
2083.628927
2082.75139
2081.87486
2080.124317
2079.250663
2078.374611
2077.500084
2075.750466
2074.877113
2074.004956
2073.137614
2071.407962
2070.545746
2069.686478
2068.828778
2067.113051
2066.255209
2065.397844
2064.536322
2062.814396
2061.954623
2061.092387
2060.233459
2058.5176
2057.663467
2056.811007
2055.960758
2054.265131
2053.416654
2052.567762
2051.718481
2050.023356
2049.180498
2048.339619
2047.501018
2045.827932
2044.997266
2044.169387
2043.343696
2041.695876
2040.876208
2040.059318
2038.430052
2037.618365
2036.804596
2035.99251
2034.374523
2033.570659
2032.766483
2031.160147
2030.358687
2029.5582
2028.756086
2027.146422
2026.340182
2025.535823
2023.923773
2023.117147
2022.310162
2021.501885
2019.889063
2019.080919
2018.275511
2016.663952
2015.857768
2015.05388
2013.446409
2012.64491
2011.841174
2011.037681
2009.433072
2008.634147
2007.836479
2006.249316
2005.456266
2004.665587
2003.08715
2002.29934
2001.510991
1999.940171
1999.15813
1998.376694
1996.821972
1996.045072
1995.270754
1993.724151
1992.951287
1992.182059
1990.643264
1989.871808
1989.100008
1987.551501
1986.775715
1986.001511
1984.451083
1983.675577
1982.900212
1981.354081
1980.58329
1979.812818
1978.272562
1977.507055
1976.740109
1975.21246
1974.455928
1973.697371
1972.181568
1971.422326
1969.900929
1969.142215
1968.387276
1966.881007
1966.130741
1965.380105
1963.873322
1963.118325
1962.367018
1960.865801
1960.118467
1958.628161
1957.884138
1957.141102
1955.656617
1954.918363
1953.43786
1952.699162
1951.965464
1950.505956
1949.779488
1949.052012
1947.591634
1946.860041
1945.391198
1944.657697
1943.926619
1942.466521
1941.738311
1940.283916
1939.55911
1938.836749
1937.398733
1936.679112
1935.239805
1934.522084
1933.804748
1932.369205
1931.65539
1930.230566
1929.519302
1928.809158
1927.387821
1926.679623
1925.262689
1924.555999
1923.146274
1922.443441
1921.741467
1920.333119
1919.631412
1918.233945
1917.536973
1916.13973
1915.441155
1914.743471
1913.352624
1912.657253
1911.26719
1910.573312
1909.188309
1908.498598
1907.810962
1906.431023
1905.742087
1904.368413
1903.683723
1902.327722
1901.649961
1900.299214
1899.62654
1898.286196
1897.61778
1896.950096
1895.622629
1894.958801
1893.632572
1892.971637
1891.659057
1891.004277
1889.70084
1889.049508
1887.749621
1887.09901
1885.798982
1885.150846
1883.8583
1883.21456
1881.931161
1881.291709
1880.653692
1879.377021
1878.741466
1877.474562
1876.846097
1875.59557
1874.972009
1873.724316
1873.101384
1871.856474
1871.233751
1869.988018
1869.3658
1868.131194
1867.517177
1866.293363
1865.683807
1864.461025
1863.849131
1862.632098
1862.024952
1860.808472
1860.201228
1858.981687
1858.367489
1857.139859
1855.913895
1855.300761
1854.078623
1853.469458
1852.248463
1851.639826
1850.421043
1849.810959
1848.597997
1847.992189
1846.790518
1846.190199
1844.983293
1844.380195
1843.170577
1841.958949
1841.351024
1840.13514
1839.529801
1838.322229
1837.723506
1836.529299
1835.932473
1834.740385
1834.14434
1832.952912
1831.758803
1831.16068
1829.964594
1829.36217
1828.160665
1827.56102
1826.374401
1825.189165
1824.597872
1823.421148
1822.832917
1821.654431
1821.064863
1819.885227
1818.708782
1818.121598
1816.952523
1816.371696
1815.207609
1814.627045
1813.467533
1812.313111
1811.73435
1810.57651
1809.996242
1808.842139
1807.691457
1807.119017
1805.9764
1805.407945
1804.271526
1803.132226
1802.562876
1801.428863
1800.860095
1799.720512
1798.584178
1798.016594
1796.883162
1795.758449
1795.196739
1794.079984
1793.521803
1792.404689
1791.287464
1790.733124
1789.624158
1788.526704
1787.979372
1786.878379
1786.327219
1785.22742
1784.135136
1783.590646
1782.500618
1781.415761
1780.876125
1779.796751
1778.712816
1778.169684
1777.087465
1776.009474
1775.469346
1774.386485
1773.307602
1772.766273
1771.684483
1770.60653
1770.068359
1768.995729
1767.928364
1767.394436
1766.328835
1765.268449
1764.738018
1763.679226
1762.6221
1762.09387
1761.039336
1759.986765
1759.461244
1758.410339
1757.361657
1756.83764
1755.788832
1754.741958
1754.220281
1753.179648
1752.144797
1751.107546
1750.590275
1749.555813
1748.528145
1748.015198
1746.992804
1745.975098
1745.4672
1744.453545
1743.436426
1742.419117
1741.909452
1740.889012
1739.870462
1739.362596
1738.352197
1737.345947
1736.338709
1735.837181
1734.836595
1733.837051
1732.838864
1732.342206
1731.350545
1730.364261
1729.37665
1728.882663
1727.898513
1726.916336
1726.424006
1725.441848
1724.462109
1723.483626
1722.502884
1722.01304
1721.037496
1720.064773
1719.100064
1718.619022
1717.65946
1716.702334
1715.742455
1715.264193
1714.310167
1713.361174
1712.414291
1711.944736
1711.009393
1710.074065
1709.134601
1708.196084
1707.725293
1706.788183
1705.849554
1704.911106
1703.971509
1703.497684
1702.552924
1701.608982
1700.662495
1700.187897
1699.241386
1698.290732
1697.342186
1696.391227
1695.435495
1694.957568
1694.002943
1693.049384
1692.098653
1691.148164
1690.672715
1689.724602
1688.780403
1687.838889
1686.899857
1685.963422
1685.493681
1684.55381
1683.613457
1682.675387
1681.734233
1680.794745
1680.32506
1679.387441
1678.452992
1677.517384
1676.582537
1675.643771
1675.177495
1674.246944
1673.314983
1672.378935
1671.441861
1670.510715
1669.581006
1669.116419
1668.190546
1667.267863
1666.347424
1665.424038
1664.498421
1663.573861
1662.649341
1662.186741
1661.263686
1660.346163
1659.43537
1658.5261
1657.619193
1656.710756
1655.801357
1655.345733
1654.436578
1653.531012
1652.629739
1651.737681
1650.850076
1649.965824
1649.084239
1648.202648
1647.323051
1646.446122
1646.007234
1645.129989
1644.253195
1643.37649
1642.504053
1641.633766
1640.769248
1639.905098
1639.044678
1638.187791
1637.332572
1636.476376
1635.617709
1635.186556
1634.324938
1633.465674
1632.601857
1631.735799
1630.872015
1630.009672
1629.14814
1628.291051
1627.434222
1626.578343
1625.725669
1624.880285
1624.03425
1623.18796
1622.339728
1621.48852
1620.637422
1619.791354
1618.951885
1618.115337
1617.282194
1616.453125
1616.038144
1615.210157
1614.38301
1613.550914
1612.718201
1611.890286
1611.062376
1610.230251
1609.402457
1608.579988
1607.763998
1606.953084
1606.145151
1605.339372
1604.531932
1603.727103
1602.923296
1602.125824
1601.333612
1600.548947
1599.768715
1598.598759
1597.82483
1597.055629
1596.282956
1595.51274
1594.7436
1593.975011
1593.208717
1592.443061
1591.67464
1590.907577
1590.145209
1589.381962
1588.62021
1587.863067
1587.112032
1586.361221
1585.60876
1584.85826
1584.104783
1583.356128
1582.60446
1581.849933
1580.725031
1579.978264
1579.232897
1578.487138
1577.743664
1577.000306
1576.261032
1575.526105
1574.796691
1574.07233
1573.34948
1572.633233
1571.918458
1570.844825
1570.136063
1569.428768
1568.71878
1568.005746
1567.291589
1566.581316
1565.873031
1565.167829
1564.46429
1563.412039
1562.709674
1562.008037
1561.307803
1560.606888
1559.904962
1559.204739
1558.50522
1557.4545
1556.759352
1556.064426
1555.369217
1554.67716
1553.988186
1553.300817
1552.612382
1551.579111
1550.893862
1550.210536
1549.532058
1548.859016
1548.192663
1547.201373
1546.541493
1545.883548
1545.223456
1544.564435
1543.909109
1542.928592
1542.276092
1541.625645
1540.978752
1540.33243
1539.688696
1538.721831
1538.080312
1537.439384
1536.796246
1536.15572
1535.191444
1534.556108
1533.922622
1533.28681
1532.65257
1532.017296
1531.067625
1530.434594
1529.803752
1529.175353
1528.232471
1527.60217
1526.974874
1526.346979
1525.720107
1524.780932
1524.15546
1523.532128
1522.909563
1521.968503
1521.344938
1520.724305
1520.103108
1519.165954
1518.544114
1517.924438
1517.30698
1516.689327
1515.766288
1515.151532
1514.53435
1513.608695
1512.992051
1512.376254
1511.761218
1510.837582
1510.227573
1509.618254
1509.007679
1508.087493
1507.472604
1506.860989
1505.942851
1505.332245
1504.721483
1504.111359
1503.195672
1502.585298
1501.977139
1501.06289
1500.454512
1499.844464
1499.234827
1498.317998
1497.710591
1497.103304
1496.190964
1495.579872
1494.970948
1494.058224
1493.449481
1492.842435
1491.93337
1491.333161
1490.735036
1489.839924
1489.24547
1488.651119
1487.763356
1487.170796
1486.577531
1485.688624
1485.097706
1484.508623
1483.629919
1483.047747
1482.467916
1481.60356
1481.02912
1480.165628
1479.591976
1479.018525
1478.162265
1477.59536
1477.029154
1476.18094
1475.615884
1474.774314
1474.216925
1473.660244
1472.826466
1472.273729
1471.7259
1470.90292
1470.353113
1469.53168
1468.989446
1468.448726
1467.637199
1467.093621
1466.276772
1465.730789
1464.916115
1464.378118
1463.840459
1463.033015
1462.494723
1461.690472
1461.153639
1460.34537
1459.807611
1459.274493
1458.477337
1457.942263
1457.140538
1456.606764
1455.808604
1455.276916
1454.487358
1453.965366
1453.443094
1452.662875
1452.145274
1451.372908
1450.858651
1450.08245
1449.566717
1448.794766
1448.279786
1447.510444
1446.997054
1446.225798
1445.711629
1444.939949
1444.428152
1443.664647
1443.154055
1442.386826
1441.872886
1441.104498
1440.595695
1439.83324
1439.325135
1438.564854
1438.053446
1437.28847
1436.780582
1436.018039
1435.50921
1434.74146
1434.23259
1433.470287
1432.960057
1432.190877
1431.420928
1430.90686
1430.131542
1429.613881
1428.834865
1428.317657
1427.545814
1427.03342
1426.261885
1425.48645
1424.970818
1424.200392
1423.683303
1422.905772
1422.391285
1421.622658
1420.856352
1420.347634
1419.587282
1419.081476
1418.323481
1417.565139
1417.058013
1416.299746
1415.794132
1415.038724
1414.292798
1413.796639
1413.049562
1412.551195
1411.808184
1411.069474
1410.578076
1409.836271
1409.340446
1408.594401
1407.84825
1407.351118
1406.604529
1405.852682
1405.352091
1404.599561
1403.844824
1403.342792
1402.585939
1401.828455
1401.324465
1400.57081
1399.81613
1399.312595
1398.56012
1397.810033
1397.307148
1396.55363
1395.804992
1395.306035
1394.560391
1393.819599
1393.327434
1392.587758
1391.844751
1391.348856
1390.606656
1389.865871
1389.371886
1388.630343
1387.888755
1387.149262
1386.657919
1385.927766
1385.199596
1384.713884
1383.984123
1383.251882
1382.514461
1382.020402
1381.281991
1380.547125
1379.811181
1379.323272
1378.588127
1377.853463
1377.118738
1376.626615
1375.888625
1375.152183
1374.418711
1373.930642
1373.193059
1372.455473
1371.721091
1371.234289
1370.508102
1369.786738
1369.070477
1368.357332
1367.881478
1367.167951
1366.452791
1365.734971
1365.016359
1364.537753
1363.822772
1363.110036
1362.400847
1361.693427
1361.221533
1360.518904
1359.81656
1359.113912
1358.41367
1357.713298
1357.247313
1356.550638
1355.853701
1355.153699
1354.454045
1353.753931
1353.286418
1352.591131
1351.895619
1351.201044
1350.5062
1349.81293
1349.123945
1348.663614
1347.973426
1347.286082
1346.602121
1345.920329
1345.233269
1344.548654
1343.865566
1343.181889
1342.726066
1342.041178
1341.357035
1340.672244
1339.989359
1339.310505
1338.629038
1337.952234
1337.279274
1336.609243
1336.161502
1335.492469
1334.826141
1334.160524
1333.500583
1332.843206
1332.188425
1331.534632
1330.878559
1330.220845
1329.564908
1328.907696
1328.248341
1327.591003
1326.933434
1326.27339
1325.617796
1324.962972
1324.307485
1323.650381
1323.210644
1322.550567
1321.889054
1321.228896
1320.574398
1319.921857
1319.273477
1318.625629
1317.977869
1317.326541
1316.673869
1316.024211
1315.371974
1314.722302
1314.075574
1313.427476
1312.562007
1311.908589
1311.254446
1310.607909
1309.964015
1309.320931
1308.675719
1308.030109
1307.389608
1306.749408
1306.112527
1305.474322
1304.840707
1304.212062
1303.584407
1302.95711
1302.325767
1301.695412
1301.069408
1300.234819
1299.613232
1298.990606
1298.365224
1297.742581
1297.121514
1296.501664
1295.881574
1295.260961
1294.641329
1294.025219
1293.195939
1292.570318
1291.944533
1291.319942
1290.697564
1290.080038
1289.46439
1288.845993
1288.015969
1287.391992
1286.768844
1286.144596
1285.51737
1284.891349
1284.262805
1283.427582
1282.803943
1282.18142
1281.558659
1280.937474
1280.319671
1279.500269
1278.885098
1278.271876
1277.658247
1277.044582
1276.230621
1275.620003
1275.011726
1274.404988
1273.800824
1272.999399
1272.400019
1271.799539
1271.201029
1270.60107
1269.801122
1269.201123
1268.602076
1268.003652
1267.210679
1266.615448
1266.018456
1265.421773
1264.631
1264.045342
1263.464656
1262.884354
1262.107896
1261.523708
1260.940198
1260.356637
1259.589087
1259.018928
1258.449858
1257.878864
1257.113736
1256.54166
1255.968746
1255.210206
1254.644582
1254.082084
1253.33327
1252.774383
1252.217847
1251.663322
1250.924364
1250.373594
1249.82588
1249.097604
1248.549813
1247.999679
1247.261465
1246.711024
1246.160078
1245.42734
1244.881533
1244.339074
1243.613015
1243.069293
1242.344319
1241.803029
1241.262227
1240.540044
1239.998918
1239.457793
1238.740935
1238.206227
1237.488216
1236.947422
1236.404891
1235.687062
1235.153336
1234.442092
1233.912864
1233.383439
1232.675905
1232.140617
1231.430424
1230.898679
1230.372204
1229.676692
1229.158775
1228.472008
1227.958758
1227.276991
1226.762589
1226.078994
1225.570933
1225.059599
1224.377757
1223.867923
1223.187579
1222.677642
1222.000558
1221.490206
1220.806245
1220.292997
1219.611505
1219.101202
1218.424199
1217.919232
1217.239494
1216.729577
1216.054223
1215.547832
1214.871971
1214.370708
1213.697885
1213.191952
1212.516683
1212.011049
1211.341951
1210.841393
1210.172021
1209.669197
1209.002683
1208.331007
1207.827764
1207.157033
1206.654783
1205.983988
1205.482608
1204.814875
1204.149658
1203.653983
1202.98862
1202.494225
1201.837479
1201.342308
1200.685882
1200.032056
1199.546939
1198.909563
1198.432251
1197.794607
1197.158935
1196.68417
1196.054226
1195.427212
1194.959231
1194.337496
1193.871443
1193.2526
1192.632642
1192.169337
1191.553899
1190.93353
1190.467023
1189.849093
1189.236175
1188.777668
1188.171369
1187.569073
1187.117636
1186.520361
1185.923836
1185.477385
1184.883282
1184.291656
1183.69521
1183.248182
1182.656939
1182.069172
1181.631333
1181.046865
1180.464518
1179.883306
1179.446175
1178.869435
1178.296803
1177.868584
1177.300071
1176.738084
1176.176435
1175.755253
1175.19157
1174.62349
1174.051604
1173.477792
1173.047001
1172.475708
1171.903065
1171.329872
1170.902622
1170.329775
1169.749591
1169.163134
1168.570711
1168.128386
1167.542291
1166.960841
1166.381195
1165.808188
1165.236125
1164.810236
1164.244523
1163.681249
1163.116654
1162.549312
1161.979906
1161.553201
1160.984569
1160.413948
1159.845721
1159.278198
1158.709698
1158.146144
1157.725182
1157.165993
1156.608116
1156.047303
1155.486573
1154.925245
1154.364928
1153.803091
1153.242766
1152.683894
1152.264963
1151.702928
1151.141395
1150.576687
1150.013923
1149.453132
1148.895566
1148.341471
1147.784947
1147.226675
1146.669152
1146.112641
1145.55713
1145.002024
1144.443087
1143.887947
1143.334633
1142.780626
1142.232837
1141.684225
1141.268492
1140.707328
1140.144135
1139.580574
1139.020879
1138.460148
1137.764784
1137.210094
1136.65485
1136.098356
1135.539774
1134.980687
1134.420346
1133.860199
1133.301086
1132.742075
1132.185749
1131.629548
1131.071867
1130.515581
1129.963043
1129.414432
1128.86889
1128.329739
1127.787767
1127.248237
1126.57803
1126.041248
1125.504667
1124.971595
1124.439638
1123.907857
1123.381439
1122.854441
1122.330087
1121.683367
1121.165455
1120.652225
1120.142074
1119.638469
1119.137224
1118.636088
1118.005699
1117.498882
1116.989992
1116.478055
1115.963673
1115.444839
1114.802509
1114.292122
1113.781705
1113.274236
1112.766416
1112.142731
1111.64613
1111.148364
1110.65139
1110.154883
1109.533056
1109.039209
1108.553002
1108.067784
1107.462001
1106.977953
1106.497206
1106.018386
1105.541157
1104.948707
1104.47085
1103.99466
1103.401347
1102.923878
1102.445093
1101.965648
1101.367221
1100.889551
1100.407469
1099.806259
1099.324868
1098.845042
1098.36464
1097.760411
1097.273355
1096.78597
1096.172273
1095.680807
1095.190841
1094.576935
1094.088066
1093.598327
1092.98022
1092.485938
1091.993193
1091.380754
1090.892787
1090.280296
1089.79256
1089.3049
1088.701571
1088.22229
1087.624124
1087.149273
1086.674334
1086.079469
1085.602804
1085.011361
1084.537931
1084.063171
1083.472434
1083.00409
1082.416218
1081.946593
1081.363274
1080.89847
1080.435956
1079.857354
1079.390829
1078.811614
1078.349978
1077.772108
1077.307776
1076.729329
1076.264423
1075.682248
1075.219804
1074.6446
1074.182083
1073.607897
1073.149417
1072.578214
1072.127679
1071.56846
1071.119377
1070.558148
1070.10813
1069.544537
1069.093318
1068.530485
1067.970115
1067.525268
1066.971471
1066.526629
1065.973289
1065.531611
1064.981513
1064.435343
1064.002197
1063.460562
1063.02455
1062.476689
1061.934359
1061.503333
1060.966749
1060.538864
1060.005636
1059.474137
1059.049547
1058.519229
1057.990757
1057.571458
1057.048471
1056.520955
1056.095393
1055.5661
1055.041963
1054.627306
1054.110617
1053.592711
1053.180598
1052.664456
1052.142456
1051.724609
1051.201435
1050.678745
1050.157895
1049.742172
1049.221229
1048.700153
1048.17756
1047.759957
1047.23941
1046.719276
1046.20036
1045.782639
1045.261526
1044.742649
1044.225395
1043.813402
1043.298983
1042.780317
1042.25661
1041.841139
1041.322406
1040.801777
1040.277611
1039.752255
1039.230452
1038.814407
1038.296365
1037.782114
1037.265979
1036.74694
1036.228443
1035.813603
1035.291656
1034.769113
1034.249018
1033.730865
1033.213135
1032.691282
1032.27237
1031.755392
1031.236285
1030.714289
1030.192476
1029.669436
1029.1435
1028.614217
1028.087456
1027.561799
1027.036362
1026.515403
1026.09885
1025.578667
1025.052288
1024.524564
1023.999078
1023.474569
1022.951707
1022.43426
1021.91953
1021.40483
1020.895683
1020.388766
1019.883364
1019.379989
1018.877507
1018.374905
1017.86701
1017.357142
1016.844175
1016.330492
1015.823483
1015.321503
1014.821743
1014.323178
1013.826004
1013.235858
1012.741377
1012.247977
1011.752193
1011.256072
1010.759215
1010.262734
1009.770715
1009.278396
1008.791052
1008.30229
1007.714623
1007.223523
1006.736195
1006.255136
1005.77755
1005.299005
1004.822077
1004.350548
1003.788734
1003.321727
1002.856297
1002.388407
1001.921227
1001.45539
1000.893637
1000.423546
999.9518036
999.48438
999.0153561
998.4555467
997.9892766
997.5208779
997.0551284
996.4980966
996.0292188
995.5641577
995.1016734
994.6440552
994.094191
993.6371316
993.1800799
992.6282099
992.1692756
991.7179492
991.2692596
990.7314281
990.2856422
989.8386882
989.305128
988.863902
988.4252426
987.9024784
987.4664065
987.0272265
986.5052554
986.0699089
985.636022
985.1189756
984.6888059
984.2632187
983.7517222
983.3214494
982.8902741
982.3791636
981.9564136
981.4536469
981.0341045
980.6118753
980.1037512
979.6782528
979.1672327
978.7379009
978.3082827
977.7931664
977.3656239
976.8557502
976.4318915
975.9240112
975.5036945
975.0072263
974.5956395
974.0995786
973.6842855
973.1861482
972.7734816
972.27793
971.8615271
971.3680945
970.9594478
970.4659991
970.0547728
969.5622094
969.1561318
968.6671594
968.2556718
967.7595568
967.347757
966.852606
966.4420581
965.9501727
965.461432
965.0557144
964.569153
964.1637236
963.6839781
963.2043014
962.8075491
962.3332124
961.9378188
961.4651024
960.9909511
960.5920222
960.1112317
959.6313558
959.2317703
958.7517436
958.2715744
957.8729385
957.3940301
956.9201726
956.5293952
956.0619474
955.5985388
955.2129678
954.7516035
954.2906539
953.8308931
953.4494223
952.9897384
952.5314532
952.1489044
951.6902441
951.2308048
950.7725344
950.3960475
949.9442523
949.4922209
949.0425728
948.5967
948.2249619
947.7737606
947.3230822
946.8745686
946.4262228
946.0580264
945.6160796
945.1738454
944.7349295
944.2973331
943.8572339
943.4863884
943.0356462
942.5816508
942.1241904
941.6624675
941.2038448
940.7487693
940.2958925
939.9182746
939.4649115
939.0131567
938.5579563
938.1051034
937.6550335
937.2066157
936.7600459
936.3139843
935.8670988
935.4201754
934.9726074
934.5256342
934.0804834
933.6297313
933.1788771
932.7266468
932.2760637
931.8251448
931.3759061
930.9312221
930.4851576
930.0426735
929.5991921
929.1562275
928.717555
928.2808013
927.8483691
927.4177658
926.9889818
926.5583699
926.1315409
925.7108999
925.2933942
924.877938
924.3967358
923.9862574
923.5751197
923.1612936
922.7471545
922.3308733
921.9182357
921.5089385
921.0342371
920.6311519
920.2279016
919.8189791
919.4120938
919.0107431
918.5418354
918.139404
917.7368957
917.3339424
916.9294912
916.4574352
916.0567028
915.6610997
915.267628
914.8732611
914.4130131
914.0206197
913.6285667
913.2395307
912.7882707
912.3992974
912.0088772
911.557054
911.1723061
910.7887856
910.4056603
909.9640748
909.5865809
909.2065797
908.7651513
908.3873301
908.0087284
907.5674337
907.1876682
906.8080059
906.365753
905.9914164
905.5602848
905.1919056
904.8257925
904.398959
904.0344927
903.6066194
903.2368539
902.8655364
902.4348257
902.0673678
901.639612
901.2787194
900.8573279
900.4959554
900.1331161
899.7073303
899.3411854
898.9159731
898.5522194
898.1287032
897.7660326
897.3422709
896.9817437
896.5662549
896.2084552
895.793368
895.3777716
895.0194971
894.6047682
894.2495215
893.8367147
893.4863884
893.0805755
892.7319484
892.3244891
891.9169247
891.569246
891.1642504
890.8152396
890.4094039
890.001453
889.6555911
889.2535193
888.8505004
888.5056168
888.1047703
887.708094
887.3695704
886.9722338
886.5798819
886.2445642
885.8529127
885.4599921
885.1258662
884.7368091
884.3480313
883.9556777
883.6193587
883.2278433
882.8389968
882.4535579
882.1232758
881.7390133
881.3562269
880.9717107
880.6438172
880.2643579
879.8826379
879.503836
879.1211535
878.7396287
878.4111864
878.0295919
877.6480223
877.2739518
876.8991681
876.5213809
876.1944839
875.8149442
875.4376856
875.0654925
874.6952641
874.3233966
873.9509352
873.5812171
873.213604
872.8494279
872.5400751
872.1772587
871.8131992
871.4543284
871.1001126
870.7489486
870.3987066
870.048165
869.690288
869.3313313
868.9746684
868.6210646
868.2695558
867.91913
867.5663098
867.2121377
866.8602395
866.5103215
866.1604124
865.8137515
865.4174948
865.0723818
864.727268
864.3833717
864.0407641
863.7004135
863.3609162
863.0270166
862.694903
862.3659998
861.9910215
861.6605981
861.3303048
860.9950612
860.6616961
860.3290282
859.9491282
859.6229023
859.2937402
858.96456
858.6338385
858.2544272
857.9247509
857.596447
857.2659908
856.9326421
856.552027
856.2187141
855.8872294
855.5108065
855.1863505
854.8634074
854.5412654
854.1669181
853.8357017
853.502233
853.1272788
852.8027459
852.4771189
852.1077197
851.7848575
851.463989
851.0973273
850.7755245
850.4533282
850.0854898
849.7610403
849.3889333
849.0663759
848.7436921
848.373909
848.0515007
847.6835508
847.3636904
846.996638
846.6738576
846.3556724
845.9931213
845.672589
845.3093042
844.9915608
844.6261406
844.3051552
843.9405569
843.6220775
843.2600945
842.942165
842.5784921
842.2184033
841.9056649
841.5504634
841.2382801
840.8763562
840.5566107
840.1926185
839.8326492
839.520357
839.1632582
838.8486647
838.4886958
838.1279705
837.8089491
837.44514
837.0803961
836.7597538
836.3985919
836.0379712
835.7248201
835.3701533
835.0136693
834.6986813
834.3343589
833.9683921
833.601209
833.2804529
832.9167042
832.5516575
832.1865704
831.8715543
831.512454
831.1563451
830.7983371
830.4858823
830.1291513
829.7749715
829.4185116
829.0661521
828.7179677
828.4139029
828.070385
827.7281291
827.3880301
827.0523491
826.7152454
826.3754613
826.0398694
825.7482384
825.4140738
825.079958
824.7430131
824.4076987
824.0721609
823.7359451
823.3980928
823.0590251
822.7238866
822.3931773
822.0640611
821.7320275
821.402489
821.0756454
820.7505488
820.4239862
820.0977836
819.7713174
819.4436899
819.1187509
818.7956021
818.4709537
818.1488881
817.8258144
817.46431
817.1381124
816.8134074
816.4875159
816.160816
815.8320357
815.5047746
815.1759103
814.7987974
814.4625534
814.1230548
813.7834921
813.4441729
813.1029266
812.7199389
812.3835447
812.0459687
811.7073638
811.3283753
810.9931025
810.6569813
810.3190222
809.9394468
809.602956
809.2646808
808.9297317
808.5531282
808.2254279
807.9001523
807.535226
807.2116589
806.8894784
806.5300041
806.2106351
805.8919541
805.5328964
805.2119527
804.8564041
804.5372545
804.2153462
803.8535948
803.5329565
803.1702665
802.8513206
802.4898067
802.166486
801.8466842
801.4872812
801.1686463
800.8120496
800.4938653
800.1371775
799.8191342
799.4633722
799.1463603
798.7933079
798.4452434
798.1421273
797.805524
797.5113203
797.1790714
796.8828135
796.5479394
796.2153046
795.9201984
795.586668
795.2916492
794.9629519
794.6344288
794.3492986
794.0350842
793.7198159
793.4439165
793.1348036
792.8293916
792.5581877
792.2512282
791.9409227
791.6296393
791.3532636
791.047777
790.7446073
790.4414979
790.1761383
789.8766192
789.5772773
789.2779413
788.9776007
788.7080853
788.4039629
788.0966446
787.7882863
787.4755102
787.1601112
786.8781358
786.5631449
786.2500302
785.9351389
785.6163974
785.2951636
784.9791165
784.665636
784.3519356
784.0366522
783.7194292
783.4401397
783.1272497
782.8158507
782.5059046
782.1953075
781.8854143
781.579265
781.2716193
780.95928
780.6453302
780.2936992
779.9743941
779.6547461
779.3388749
779.0289686
778.71919
778.4098472
778.0972872
777.7850195
777.4705109
777.1543164
776.8032907
776.4850599
776.1692596
775.8523873
775.5315499
775.2066446
774.8475096
774.525081
774.203693
773.880029
773.553507
773.1910595
772.863375
772.537405
772.2141308
771.8570878
771.5340084
771.2125153
770.8529825
770.5276193
770.2025856
769.8498459
769.5336556
769.2197532
768.8649734
768.5396003
768.2170789
767.8538521
767.5288899
767.2098904
766.8602932
766.5457279
766.1964805
765.8833056
765.5381797
765.2295839
764.8899654
764.5894422
764.2916894
763.9584362
763.6555928
763.3181343
762.9867078
762.6906957
762.3580809
762.0583376
761.7254933
761.4258647
761.0961527
760.8009377
760.4719744
760.147016
759.8578073
759.5342508
759.2435839
758.9206439
758.5983941
758.3092093
757.9871939
757.6690736
757.385734
757.0705212
756.7539654
756.4687744
756.1529506
755.8392137
755.5263492
755.2448718
754.9327013
754.6209815
754.3043293
753.9921433
753.7153171
753.4066287
753.0972271
752.7859854
752.4718315
752.1888309
751.8715407
751.5555165
751.2387376
750.9227064
750.6081253
750.2975513
749.9872787
749.6819558
749.4076819
749.104036
748.799248
748.4931688
748.1911479
747.8862062
747.5798521
747.2739441
746.9722189
746.6713041
746.3725845
746.0751543
745.7793347
745.4865209
745.1967382
744.8775581
744.5869172
744.2968343
744.0077067
743.7183951
743.4282045
743.1367375
742.845139
742.5578107
742.2462455
741.9641836
741.6826416
741.4019488
741.1229386
740.8114483
740.5304712
740.2466223
739.9632121
739.6530456
739.3724443
739.0923967
738.8130271
738.5086678
738.2292582
737.9481645
737.6375152
737.3559084
737.0781811
736.7755097
736.4990007
736.226211
735.92945
735.6628863
735.393823
735.1013249
734.8349932
734.5431332
734.2814905
733.9976484
733.7401215
733.4603055
733.2036991
732.9198593
732.6599145
732.3708049
732.1069363
731.8178513
731.5589114
731.2734841
731.0081428
730.7099286
730.4388959
730.1423707
729.8460739
729.5755193
729.2754211
729.0029594
728.7050271
728.4088981
728.1418394
727.8431672
727.5488678
727.283715
726.9939483
726.7036012
726.409878
726.1453483
725.8582833
725.5722034
725.287986
725.0356249
724.7577224
724.4805129
724.2043745
723.9303604
723.6837678
723.410948
723.1422387
722.874709
722.6082281
722.3404349
722.0749234
721.8356978
721.5705071
721.3031172
721.0328197
720.7633166
720.4980025
720.2358833
719.9736391
719.7155228
719.462165
719.2138497
718.9661361
718.7160113
718.4666507
718.2183814
717.9708602
717.7267098
717.4828042
717.2425029
716.9838407
716.7479047
716.5124983
716.2766884
716.0418556
715.8066253
715.5724528
715.316042
715.0837753
714.8497085
714.619181
714.3865689
714.1292882
713.8925198
713.6576943
713.4216549
713.1653454
712.9277647
712.6880642
712.4282462
712.1912923
711.9546003
711.6993429
711.4666027
711.2307509
710.9678126
710.7246698
710.4831028
710.2220336
709.9799133
709.7141471
709.4728204
709.2092042
708.9675922
708.7041549
708.4653594
708.2269153
707.9681255
707.7123777
707.4790728
707.2231276
706.9885246
706.7296403
706.4953829
706.2453226
706.0228604
705.7826771
705.5415687
705.3209687
705.0776034
704.830479
704.5987686
704.3453815
704.0898697
703.8558003
703.603253
703.3565426
703.1348891
702.8968476
702.6630157
702.4330201
702.2216132
701.9921837
701.764668
701.539948
701.3157362
701.1095063
700.8825031
700.6543728
700.4228968
700.1907484
699.9598095
699.735191
699.5152117
699.3005564
699.1075318
698.8952158
698.6820824
698.4680698
698.2540452
698.0409888
697.8285382
697.6181476
697.4042237
697.1902257
696.9770887
696.748587
696.5380653
696.3253174
696.1096452
695.892142
695.6757919
695.4553927
695.235367
695.0129814
694.7676946
694.541603
694.3144462
694.0849833
693.8552844
693.6079466
693.3814067
693.1516332
692.9252194
692.6773339
692.4469417
692.2163677
691.9862882
691.7357698
691.5034143
691.2704128
691.01491
690.7788298
690.5224375
690.2846767
690.0461653
689.7889986
689.5514619
689.2924637
689.0525379
688.792026
688.5533382
688.2951683
688.0562033
687.7975932
687.5580973
687.2992078
687.0623644
686.806876
686.5691842
686.3123261
686.0748723
685.8179947
685.5576912
685.3202659
685.0634696
684.8051043
684.5696713
684.3111556
684.0481646
683.8073312
683.5470252
683.2859034
683.0202714
682.7709602
682.4988967
682.2253467
681.9513681
681.6976921
681.4263291
681.1587939
680.891125
680.6270034
680.3617564
680.1168007
679.8480387
679.5819569
679.3170146
679.0549493
678.7939731
678.5330427
678.2683056
678.0033073
677.7396168
677.4738754
677.2093456
676.9440764
676.6809366
676.4166734
676.1510479
675.8889484
675.6269304
675.3599324
675.0697259
674.7976025
674.5247266
674.250778
673.9795545
673.7091819
673.4370435
673.143864
672.8722867
672.6021018
672.3326768
672.0464692
671.7794062
671.5127138
671.2486886
670.9636102
670.6985441
670.4309514
670.1443109
669.8837583
669.6248247
669.3475446
669.0943606
668.8238253
668.5692425
668.2943718
668.0384253
667.7839806
667.5096836
667.2572076
666.9855767
666.7345182
666.4616022
666.206291
665.9313126
665.66019
665.4079377
665.1352365
664.8825737
664.6078192
664.3364097
664.0877528
663.8251427
663.5667867
663.3238209
663.0569409
662.787915
662.5364544
662.2721323
662.0072095
661.7402
661.4894675
661.2238621
660.9648347
660.704757
660.4445286
660.2014259
659.9384405
659.6731591
659.4085394
659.1430098
658.8775505
658.612226
658.346573
658.0788898
657.8117788
657.5450209
657.2744587
657.0051865
656.7372126
656.4672439
656.1940603
655.9212345
655.6425919
655.3643237
655.088178
654.8126385
654.535716
654.2624447
653.9890495
653.6946008
653.4215618
653.1498049
652.8781644
652.6049415
652.3086693
652.0298685
651.7495093
651.4674166
651.1650039
650.8848432
650.6056561
650.3045614
650.0199145
649.7319129
649.4275528
649.1453322
648.8428436
648.5644664
648.286527
647.9875847
647.7080484
647.4127004
647.1386229
646.8438292
646.5736146
646.2816922
646.0077767
645.7126881
645.4337221
645.1340411
644.8360913
644.5616415
644.2712068
644.0005596
643.7078261
643.41705
643.1464895
642.8575954
642.5694847
642.2837547
642.0164353
641.7310607
641.4463358
641.1646541
640.901627
640.6200248
640.3401392
640.0611044
639.7836214
639.5064598
639.2488665
638.974696
638.7028345
638.4324408
638.1635469
637.893694
637.6211719
637.352205
637.0856392
636.8193428
636.5520333
636.2844231
636.018993
635.7580773
635.4999305
635.2404428
634.9795176
634.6987635
634.4373614
634.1789238
633.9235463
633.6696688
633.4159686
633.143959
632.888549
632.633083
632.3745691
632.0998904
631.8411055
631.581267
631.3220515
631.0455044
630.7824056
630.5197231
630.2415753
629.9790391
629.6996428
629.4414958
629.1857113
628.91358
628.6594044
628.3915882
628.141291
627.8748747
627.6234594
627.3529342
627.1012064
626.8305918
626.5656247
626.3185657
626.0543066
625.8054272
625.5426811
625.2798894
625.0333159
624.7716609
624.511012
624.2507976
624.0050888
623.7425637
623.481858
623.222803
622.9795264
622.7232198
622.4710357
622.2178346
621.9652304
621.7141065
621.4783598
621.2222016
620.9640283
620.7067445
620.4494505
620.1916816
619.9391837
619.6887875
619.4365588
619.1792502
618.9185018
618.657216
618.3959359
618.1367997
617.8762048
617.5941034
617.3299318
617.0720065
616.8168566
616.5641441
616.31174
616.0468514
615.7951002
615.5467689
615.301365
615.0415947
614.7961996
614.5546603
614.3181157
614.0688206
613.8353973
613.6003168
613.3532391
613.1258679
612.8870302
612.6607639
612.4176458
612.1851131
611.9501777
611.6987606
611.4614493
611.2155558
610.9703596
610.7404874
610.496185
610.2655574
610.0204612
609.7847952
609.5324954
609.2810178
609.042981
608.7910293
608.5398704
608.2877154
608.0490764
607.7969595
607.5450894
607.2907425
607.0472696
606.7888978
606.5301716
606.2702231
606.0126417
605.7535741
605.5091156
605.2493155
604.9874372
604.7216281
604.4563561
604.1926492
603.9345117
603.6802809
603.4285199
603.1786661
602.9290125
602.676339
602.4226805
602.1485668
601.887676
601.6240859
601.3638117
601.1093135
600.8583522
600.5892172
600.3334548
600.0777115
599.8240916
599.5586805
599.308644
599.0592642
598.8098723
598.5457373
598.2939896
598.0262524
597.7710901
597.517407
597.2541764
597.0094121
596.7541577
596.5122885
596.2564977
596.0141421
595.7536588
595.5036304
595.2372719
594.9843222
594.7168872
594.462943
594.2004037
593.9417766
593.6981815
593.4426443
593.1885741
592.9507781
592.6994165
592.448709
592.1958827
591.9592231
591.7119673
591.4650536
591.2143458
590.9646846
590.7128616
590.4588488
590.2187756
589.9656726
589.7144505
589.4650638
589.2135296
588.9605021
588.7056915
588.4492986
588.1970194
587.9472014
587.6984293
587.4481458
587.1844859
586.9368659
586.6881305
586.4373527
586.1897776
585.94198
585.6820913
585.4348107
585.1900539
584.9439206
584.6847645
584.4401039
584.1953058
583.952856
583.7007886
583.4634158
583.2137797
582.9812691
582.7532579
582.5181461
582.3004528
582.0689791
581.8517062
581.6252857
581.4120054
581.1879966
580.9792856
580.7599422
580.5415291
580.3352393
580.1213729
579.9017946
579.6905831
579.4643561
579.2420345
579.0367336
578.8208608
578.6096778
578.3993068
578.1999811
577.9893065
577.7791409
577.5703657
577.361391
577.1528179
576.9459967
576.737341
576.5417024
576.3339951
576.1313656
575.9305957
575.7299609
575.5263539
575.3079217
575.0984291
574.8881103
574.6783184
574.4658689
574.2525088
574.0417527
573.8264748
573.5959415
573.3793996
573.1631446
572.9492861
572.7262456
572.5162478
572.3086321
572.0924573
571.8855468
571.677286
571.4629633
571.2637467
571.0671903
570.861952
570.6621863
570.4468796
570.2396057
570.0242016
569.8195633
569.605319
569.3902377
569.1826552
568.964682
568.7561604
568.5359673
568.3181016
568.1119453
567.8991269
567.6899212
567.4817844
567.2867108
567.0810073
566.8727498
566.6623585
566.4489976
566.2469781
566.0345259
565.8172095
565.5958472
565.3723521
565.1469505
564.921218
564.6938198
564.4632809
564.2341274
564.0068958
563.78177
563.5563179
563.3299438
563.1009075
562.8582655
562.6244969
562.3902224
562.1564939
561.922668
561.6761397
561.4450051
561.2158728
560.9876658
560.7465894
560.5216479
560.2865077
560.0654252
559.844866
559.6159207
559.3982363
559.1704487
558.9511577
558.7181596
558.4961168
558.2642965
558.0462485
557.816297
557.5983872
557.3706454
557.142274
556.9245536
556.6928366
556.4595023
556.2368016
556.0002756
555.765953
555.5324316
555.3060439
555.0660976
554.8302216
554.5961168
554.3627448
554.1304756
553.897425
553.6625384
553.4280743
553.193049
552.9556197
552.7167596
552.4799025
552.2433268
552.0048113
551.7676561
551.5316191
551.3029344
551.0756776
550.8510925
550.6163863
550.3956839
550.1770002
549.9563763
549.7259065
549.5045089
549.283614
549.0543341
548.8323673
548.6112907
548.3778131
548.150382
547.9115813
547.6837661
547.4457165
547.2187759
546.9801629
546.7486013
546.5047333
546.2731403
546.0302114
545.7894299
545.5595192
545.3199504
545.0785684
544.8497381
544.6087566
544.3676718
544.1265904
543.8855266
543.6577032
543.4201452
543.1846778
542.9474781
542.7109415
542.4739775
542.2362037
541.9947771
541.753514
541.5132518
541.2692864
541.0235334
540.7777163
540.5362059
540.297407
540.0597575
539.8255155
539.5807536
539.3422202
539.102117
538.8640974
538.6151764
538.3770435
538.1399548
537.9031684
537.653237
537.4142341
537.1653433
536.922822
536.6776889
536.4231121
536.179664
535.9228472
535.6786821
535.4247764
535.1734901
534.9360196
534.6861986
534.4443016
534.1940984
533.9386077
533.6919051
533.4349032
533.1805248
532.9264489
532.6701794
532.4221132
532.1618829
531.9037453
531.6482867
531.3956441
531.1421124
530.8900543
530.6359505
530.3793045
530.1197374
529.8570535
529.5904489
529.3242711
529.0604154
528.803463
528.5449315
528.2822331
528.008575
527.7501947
527.4884701
527.224422
526.959831
526.6857327
526.4262182
526.1640587
525.8899483
525.6254099
525.3494598
525.086512
524.8104909
524.5468431
524.2742891
524.0109918
523.7396217
523.4789588
523.2065956
522.9419646
522.6671992
522.3935539
522.132053
521.8625523
521.5923956
521.3211536
521.057456
520.7753267
520.4886734
520.1997157
519.9080527
519.6193175
519.3466562
519.0617499
518.7807188
518.4998301
518.2216489
517.9428459
517.6640948
517.3738452
517.0923331
516.8085417
516.5282134
516.2511898
515.9768524
515.7035021
515.4202842
515.1489977
514.8792884
514.6029127
514.3366095
514.0703325
513.7892462
513.5185015
513.2462592
512.9596351
512.6834233
512.3999863
512.1300249
511.8523247
511.5760778
511.3102486
511.0321137
510.7672769
510.4946872
510.2228115
509.9624541
509.6932106
509.4225164
509.150753
508.8911996
508.622166
508.3546918
508.0893171
507.8255471
507.5619712
507.298144
507.0328835
506.7697016
506.5072002
506.2448387
505.9800143
505.7136287
505.4489679
505.1873302
504.9256161
504.6528836
504.3916374
504.1339362
503.8786607
503.6175722
503.3694737
503.1216993
502.8675835
502.6261361
502.3839353
502.1302595
501.8850695
501.6324524
501.3918493
501.1402712
500.8972083
500.6450773
500.39359
500.1490473
499.8931806
499.6354319
499.3845327
499.1237747
498.8620547
498.6023463
498.3510679
498.0892117
497.8263641
497.5632054
497.3046419
497.0482844
496.792532
496.5382303
496.2863181
496.0328775
495.7806827
495.5301232
495.2809903
495.0317342
494.7831463
494.536363
494.2787193
494.0291882
493.7822069
493.5378326
493.2864503
493.0478175
492.8084005
492.5623486
492.3259145
492.0805623
491.8454299
491.6016152
491.3657548
491.121081
490.8860972
490.6401628
490.4051857
490.1595533
489.9171098
489.6856434
489.4427034
489.1974871
488.9486284
488.7054747
488.4518525
488.1993641
487.9482756
487.6999494
487.4508702
487.2038804
486.9593049
486.7153595
486.4699252
486.2271379
485.9886239
485.7529478
485.5183919
485.2849881
485.052919
484.8112585
484.5780747
484.3431242
484.1051109
483.85769
483.6169293
483.378908
483.1330168
482.896144
482.6555795
482.4213816
482.1785842
481.9468629
481.7050207
481.4685291
481.2250467
480.9919419
480.7493961
480.510602
480.2838119
480.0508585
479.8161768
479.5810776
479.3454105
479.1185869
478.8831928
478.6487423
478.4148942
478.1818847
477.9562663
477.7328698
477.5109346
477.2886057
477.0694235
476.8520596
476.63532
476.4114215
476.1981137
475.9850409
475.7739325
475.5537376
475.3414237
475.1312368
474.9138293
474.7071797
474.4985863
474.2817766
474.075513
473.863323
473.658724
473.4533384
473.2566098
473.0552852
472.8553074
472.6635276
472.4656319
472.2694526
472.0759446
471.8770751
471.6808569
471.4819072
471.2832026
471.0848983
470.8904799
470.6893363
470.4880296
470.2872044
470.085328
469.885355
469.6793732
469.4800945
469.2828635
469.0888264
468.8946178
468.6949547
468.4860864
468.2838012
468.0817092
467.8796989
467.6667527
467.4608278
467.2453964
467.0348512
466.8134727
466.5967566
466.3710434
466.1548999
465.9361798
465.7266333
465.5105974
465.2900368
465.0782624
464.8557067
464.6310112
464.4060359
464.1894372
463.9667956
463.7452635
463.5263527
463.3073552
463.0853147
462.8607319
462.6382679
462.4192734
462.2045183
461.990949
461.7745527
461.5570984
461.3315307
461.1133595
460.8946597
460.6778226
460.4592367
460.2519015
460.0405761
459.8221214
459.6097452
459.3873018
459.1714489
458.9495493
458.7354538
458.517997
458.3097993
458.0943673
457.8814676
457.6772197
457.466381
457.2526657
457.03856
456.8317043
456.6202885
456.4102135
456.1990807
455.9861762
455.7725792
455.5566098
455.3409352
455.1264498
454.913268
454.6993587
454.4874199
454.270521
454.0445689
453.8256386
453.6074618
453.3903603
453.166503
452.9522626
452.7414469
452.5285663
452.3203909
452.1058989
451.8979532
451.6810586
451.4691861
451.2449291
451.0247587
450.7915536
450.5620922
450.3412723
450.1149716
449.8953856
449.680808
449.4728235
449.2694919
449.0595327
448.8532513
448.6475407
448.4432109
448.2424934
448.0429344
447.8465855
447.6506366
447.4491092
447.2557416
447.0668724
446.8789291
446.6882962
446.4897168
446.2940484
446.1016364
445.9022446
445.7082738
445.5073627
445.3133982
445.113049
444.9164042
444.7130759
444.5118864
444.302163
444.0898437
443.880508
443.6621699
443.4393586
443.2097198
442.9853473
442.7519239
442.5215363
442.2960057
442.0739136
441.8540636
441.6350859
441.4135209
441.1895795
440.9606624
440.7319547
440.4976455
440.2704581
440.0434774
439.8160149
439.5831479
439.3615607
439.1428822
438.9188037
438.6965726
438.4644331
438.2393157
438.0072292
437.7818609
437.5525826
437.3315946
437.1051077
436.8781068
436.6498854
436.4258197
436.1967924
435.9673206
435.7384203
435.5125606
435.2879653
435.0620717
434.8334888
434.6019966
434.3684803
434.1369204
433.905748
433.679565
433.456278
433.2335144
433.0034149
432.7809632
432.5563087
432.3257178
432.0985022
431.8753195
431.6436126
431.4157894
431.1813379
430.9525974
430.7177219
430.4895713
430.2567714
430.0255034
429.803997
429.5829687
429.3613495
429.1383619
428.9108483
428.6830626
428.4597833
428.2343281
428.0080599
427.7811879
427.5592471
427.3319603
427.1085144
426.8845826
426.6593798
426.4326908
426.202503
425.9631972
425.7335097
425.4990542
425.2585224
425.024256
424.783527
424.5455592
424.3046162
424.0695086
423.8248303
423.5889376
423.348534
423.1098131
422.8727955
422.6489899
422.4219855
422.1928088
421.9612915
421.7324171
421.5083421
421.2835467
421.0599102
420.8365432
420.61364
420.3940665
420.1725399
419.9491974
419.7223206
419.4861325
419.2572231
419.02497
418.7849483
418.5526575
418.3166448
418.0731271
417.8345755
417.5904092
417.3505508
417.1047058
416.858243
416.6154349
416.362442
416.1113835
415.8621077
415.6154254
415.358538
415.0980227
414.8356398
414.5759676
414.3191052
414.0616071
413.8040048
413.5441085
413.283161
413.0201901
412.7523082
412.4939426
412.2354418
411.9803858
411.7200335
411.4667239
411.2056011
410.9473572
410.6812113
410.4197264
410.1489929
409.8820508
409.6074521
409.3340487
409.0714492
408.8028536
408.5309346
408.2574287
407.9933415
407.719877
407.447669
407.1746044
406.9051779
406.6340852
406.3636636
406.0978226
405.8291965
405.5670008
405.3032784
405.0412976
404.7700533
404.5070392
404.2487861
403.9878731
403.7323687
403.4663834
403.2052625
402.9375683
402.6747258
402.4058396
402.146572
401.8755753
401.6063694
401.3360542
401.0637333
400.7986907
400.5264244
400.2578615
399.9915025
399.7277351
399.459869
399.1937476
398.9318136
398.664992
398.4059626
398.1496565
397.8972571
397.6373948
397.3844301
397.1335099
396.8734716
396.6129879
396.3463612
396.0893618
395.8277043
395.5730009
395.3139069
395.0519189
394.7986239
394.5404825
394.2859415
394.0353706
393.7844097
393.5368108
393.2974306
393.0549599
392.813468
392.5672801
392.3245206
392.0783499
391.8301554
391.5823616
391.3371256
391.0888256
390.8479381
390.6073297
390.3576307
390.1148952
389.8641708
389.6194807
389.3690679
389.1165895
388.8695517
388.6133599
388.3577027
388.1022934
387.8377668
387.5725867
387.3041226
387.0382208
386.7764577
386.5131789
386.2485614
385.9848981
385.7215379
385.458569
385.1967947
384.9254603
384.6599087
384.3956005
384.1240675
383.861828
383.6040889
383.340935
383.0803468
382.8109751
382.5453168
382.2853679
382.0192692
381.7500009
381.4857327
381.2133525
380.9401989
380.668973
380.3987592
380.1315614
379.8706177
379.612514
379.3522545
379.0959731
378.8393751
378.583791
378.3227775
378.0647688
377.8063412
377.5388909
377.2795683
377.0195495
376.7574745
376.5043734
376.2464448
375.9926582
375.7451943
375.493216
375.2407517
374.9860239
374.7369908
374.4857501
374.236595
373.9847424
373.7309414
373.4788335
373.228431
372.9783048
372.730529
372.4792048
372.2368883
371.9959485
371.7527363
371.5009925
371.2562363
371.0054396
370.7623577
370.5160496
370.2773267
370.034981
369.8009647
369.5611927
369.3238069
369.0898662
368.8596512
368.62608
368.3912421
368.1555944
367.9166634
367.6747587
367.4393623
367.2069969
366.9671565
366.7288132
366.4866287
366.2421599
365.9906315
365.7442625
365.4998509
365.2528518
365.008513
364.7542628
364.5063443
364.2551223
364.0012304
363.7549315
363.5013152
363.245794
362.99417
362.7454863
362.4988766
362.2547368
362.0120805
361.7703328
361.5336512
361.2980629
361.0651637
360.8355951
360.6031264
360.3737391
360.1454793
359.9102653
359.6782928
359.4402439
359.2114144
358.981286
358.7555541
358.5235889
358.2867908
358.048234
357.8117822
357.5717414
357.3292715
357.0882758
356.8509789
356.6159219
356.3831758
356.1519599
355.9263097
355.698837
355.4752467
355.2540695
355.0355598
354.8114082
354.5883544
354.361624
354.1397865
353.9129043
353.6908485
353.4647205
353.2448751
353.0255614
352.8120991
352.5946229
352.3742428
352.1514845
351.9254316
351.6950271
351.4616505
351.226406
350.9894016
350.7523878
350.5088244
350.2701913
350.0353026
349.7979291
349.5653879
349.3348088
349.1022072
348.8742173
348.6542845
348.4346167
348.2190051
347.9990196
347.7759847
347.5523361
347.3312891
347.1106168
346.8900969
346.6712809
346.4514331
346.2329743
346.0187795
345.8082151
345.6032359
345.3968545
345.1920316
344.9832724
344.7769932
344.5781428
344.3814186
344.1927712
343.9978671
343.8036988
343.6109051
343.4144252
343.219254
343.0275023
342.8383421
342.6519845
342.4678199
342.2773506
342.0857834
341.8943571
341.705309
341.5167297
341.3222248
341.1291709
340.9313776
340.7273404
340.5290392
340.3282251
340.1356881
339.9394396
339.7444194
339.5555342
339.3664113
339.1783719
338.9925348
338.8085585
338.6281207
338.4486023
338.2691364
338.087901
337.9085116
337.732948
337.5579069
337.3766847
337.2009224
337.024718
336.8399188
336.658938
336.4697065
336.2803887
336.0894726
335.8981971
335.7068896
335.5100735
335.3109717
335.1116926
334.9157093
334.7240971
334.5351207
334.3468071
334.1615409
333.9753564
333.786553
333.5950819
333.4058624
333.2184781
333.0304044
332.8465028
332.6630342
332.485996
332.3051747
332.131443
331.9531589
331.7742486
331.5900252
331.4073456
331.2287335
331.0472549
330.8686815
330.6886858
330.5101299
330.3301189
330.1478093
329.9680276
329.7837074
329.6025718
329.4257476
329.248746
329.0783979
328.9041245
328.7308352
328.5508555
328.3717762
328.1919571
328.0204191
327.8491934
327.6802925
327.5098199
327.3376091
327.1612862
326.9830609
326.8014563
326.6230195
326.4482426
326.2707385
326.0911664
325.9147315
325.7356277
325.5601831
325.3796313
325.2005724
325.0197116
324.8404872
324.6613418
324.483445
324.3088971
324.1278561
323.9437342
323.7598763
323.569245
323.3800478
323.1873326
322.9917747
322.7991301
322.6009672
322.4079716
322.2132285
322.0233399
321.8328284
321.6450032
321.453753
321.2626779
321.0707619
320.8840183
320.69047
320.4961581
320.300884
320.1044381
319.9095444
319.7122509
319.5148727
319.3127281
319.1108768
318.9061649
318.7029206
318.4926793
318.2867292
318.0766224
317.870144
317.6616299
317.4558405
317.2471027
317.0376477
316.8321996
316.6190535
316.4029464
316.1887244
315.9752778
315.767093
315.5559099
315.3462072
315.1336884
314.9213698
314.7084272
314.4920916
314.2794507
314.060309
313.8425361
313.6293878
313.4095839
313.1924658
312.9742531
312.7552215
312.5381422
312.3220792
312.1027832
311.8839081
311.6602563
311.4321811
311.2116289
310.9920541
310.7670668
310.5488189
310.3262076
310.1067278
309.8844775
309.6597189
309.4388377
309.2266451
309.0125545
308.803309
308.5936055
308.3825318
308.1708328
307.9595307
307.7487479
307.5450707
307.342565
307.1415063
306.9518917
306.7652609
306.5853651
306.4022824
306.2208461
306.0399411
305.8589068
305.6801419
305.5008984
305.3270837
305.1583898
304.9907109
304.8256455
304.6561691
304.4844249
304.3079777
304.1310421
303.9534546
303.7743442
303.602655
303.4338546
303.265381
303.0935927
302.9225093
302.7527418
302.5906229
302.424954
302.2597071
302.0955525
301.9309959
301.7586317
301.5876415
301.4175683
301.2523426
301.0895356
300.9284302
300.7669463
300.6080139
300.4430126
300.274029
300.1138185
299.9519022
299.7905166
299.6273571
299.4596796
299.2979911
299.1396847
298.9818702
298.8236276
298.6681007
298.5070613
298.3465502
298.1847346
298.0246862
297.863052
297.7069028
297.5443689
297.3801192
297.2196986
297.0570401
296.8922355
296.7245305
296.5566825
296.3905532
296.23056
296.0698049
295.914948
295.7624138
295.6070767
295.452992
295.2945624
295.1360665
294.9755505
294.815477
294.6471191
294.4689527
294.2907317
294.1104925
293.9276277
293.7474816
293.5679941
293.3925246
293.2210721
293.0527298
292.8838951
292.7129338
292.5423598
292.3637241
292.1872415
292.0043156
291.821923
291.6449697
291.4652884
291.2879767
291.1153193
290.941409
290.7653923
290.5907987
290.4112121
290.2330441
290.0558597
289.8771219
289.7045156
289.5314041
289.3620303
289.188313
289.0074699
288.8280481
288.6466184
288.4657194
288.2806519
288.0949892
287.9129231
287.7323988
287.5571115
287.3784951
287.2023852
287.0312308
286.8589401
286.6933979
286.5311493
286.366825
286.2063635
286.0470078
285.8850222
285.7222908
285.5623909
285.4063531
285.2528632
285.0974485
284.9456801
284.7915205
284.639481
284.4831825
284.3301084
284.1764878
284.0233384
283.8684928
283.7091375
283.5517125
283.3966452
283.2442938
283.089769
282.9360647
282.7811563
282.62277
282.4707179
282.3228966
282.1726953
282.0307704
281.8931311
281.7566153
281.6164722
281.4766894
281.33337
281.1911265
281.0475737
280.8999523
280.7533007
280.6124857
280.4745797
280.3382116
280.202696
280.0646854
279.9232633
279.7832379
279.641688
279.4995909
279.348655
279.2000364
279.0518308
278.9079364
278.7643833
278.6186945
278.4734016
278.3294589
278.1856886
278.0418971
277.8955006
277.7443517
277.5895637
277.436202
277.2822157
277.1312013
276.9833658
276.8355541
276.6847613
276.5354998
276.388287
276.2391926
276.0918671
275.9464031
275.798865
275.6551741
275.5168739
275.3787784
275.2441822
275.1056224
274.9734347
274.8436602
274.7166741
274.5891433
274.4687285
274.3478323
274.224245
274.1034834
273.9856591
273.8671807
273.7415439
273.6200242
273.4958815
273.3693884
273.23811
273.1035516
272.9680722
272.83045
272.6900642
272.5490329
272.4071844
272.2600003
272.109609
271.9622063
271.8155383
271.6698778
271.5294697
271.3888169
271.2501922
271.1110107
270.9729284
270.8419084
270.7108255
270.5823025
270.4559165
270.3330088
270.2091022
270.0882032
269.9687007
269.8517247
269.7296465
269.6052263
269.4822375
269.362395
269.244067
269.1271414
269.0134876
268.9029792
268.7914953
268.6769801
268.5656246
268.4535733
268.3447644
268.2304747
268.1104349
267.9862115
267.862179
267.7345922
267.605234
267.4789056
267.3532531
267.229144
267.1057823
266.9807946
266.8558781
266.7321936
266.6137423
266.492793
266.3735849
266.2502212
266.1290631
266.0069643
265.8868761
265.7683168
265.652067
265.5362631
265.4226647
265.3116183
265.2020872
265.0906156
264.9788856
264.8673757
264.756013
264.6505493
264.5437845
264.4380303
264.3319084
264.2258137
264.121821
264.0157176
263.9063771
263.7968405
263.6853397
263.5740848
263.4680748
263.3616427
263.2553963
263.1480064
263.0393385
262.9314184
262.8248103
262.7216121
262.6158716
262.5128286
262.4076587
262.2980641
262.1859457
262.0738122
261.9665064
261.8578906
261.750234
261.642721
261.5320565
261.4236302
261.3172252
261.2084095
261.097276
260.9882942
260.8791862
260.7718045
260.6683412
260.5681554
260.4676574
260.36529
260.2587767
260.1517834
260.0461678
259.9416917
259.8361889
259.733608
259.6284504
259.5240667
259.4202793
259.3186623
259.2176972
259.119526
259.0188441
258.9173163
258.8151461
258.714694
258.61181
258.5070742
258.4024399
258.2983924
258.1978001
258.1016567
258.0059867
257.9102768
257.8199293
257.7322282
257.6473896
257.5686691
257.4904283
257.4077729
257.3288237
257.2494978
257.168393
257.0919184
257.0186186
256.9440289
256.8703797
256.7973673
256.7197726
256.6413278
256.5604643
256.4780866
256.3957398
256.3151851
256.2325709
256.1557547
256.0826512
256.0072856
255.9337248
255.8608509
255.7867421
255.7112555
255.6363063
255.5594791
255.4799447
255.3963192
255.3126703
255.2317213
255.148135
255.0701556
254.992305
254.912951
254.8317664
254.7489977
254.6623925
254.5774129
254.4936355
254.4080793
254.3230233
254.2402219
254.1611565
254.0842728
254.0058817
253.9287896
253.8522434
253.7807553
253.711464
253.6459071
253.5850476
253.5248021
253.463379
253.3952867
253.3259068
253.2520369
253.1752922
253.0932604
253.0102792
252.9312199
252.8535332
252.7804875
252.7075592
252.6327709
252.5606254
252.4860769
252.4135875
252.3369555
252.2601928
252.1746029
252.0862077
251.9968415
251.9076729
251.8215256
251.7395211
251.6590918
251.5814283
251.5025579
251.4234858
251.3453448
251.2665089
251.1851911
251.1033088
251.0201667
250.9365811
250.8545664
250.7703884
250.6843673
250.5997599
250.5159312
250.4280748
250.3408152
250.2526671
250.1689222
250.0875777
250.0076783
249.925905
249.8402309
249.7518508
249.6653638
249.579844
249.4908661
249.4051194
249.3188109
249.2289946
249.1394446
249.0488609
248.9619552
248.8820315
248.8064095
248.7339227
248.659093
248.5829048
248.5052697
248.4307152
248.3590204
248.2884229
248.2182645
248.1514771
248.088564
248.025367
247.9566341
247.8848332
247.8133115
247.7377132
247.6569973
247.5728932
247.4851695
247.3918567
247.2892534
247.1856488
247.0824569
246.9812528
246.8787927
246.7776889
246.6757046
246.5772782
246.4748293
246.3746116
246.2774407
246.1810487
246.0827854
245.9897131
245.9014283
245.8138865
245.7239384
245.6310321
245.5393765
245.4515396
245.3668775
245.2811282
245.1930857
245.1013029
245.0073616
244.9184538
244.8312927
244.7426079
244.6563241
244.569675
244.4799779
244.3887285
244.3009351
244.2132934
244.122904
244.0281792
243.9340224
243.8372896
243.7461958
243.6585277
243.5650847
243.4702898
243.3797838
243.2839715
243.1932004
243.1031069
243.0063927
242.9022515
242.7929719
242.679368
242.5651454
242.4516375
242.3389899
242.2241449
242.1091307
241.9935919
241.8795338
241.7632109
241.6425681
241.5215692
241.4007141
241.2781957
241.1564711
241.0351084
240.9115422
240.7904729
240.6754566
240.5625169
240.4471217
240.3321633
240.2127691
240.0912364
239.965605
239.8367129
239.6980686
239.553905
239.4078201
239.2615816
239.1129221
238.9594506
238.8067584
238.6559737
238.5073475
238.3569413
238.2061181
238.0522477
237.8981137
237.7411838
237.5865724
237.4315409
237.2821301
237.1381424
236.9961789
236.8511604
236.7084699
236.5637296
236.4210038
236.2739531
236.1238376
235.9758782
235.8242681
235.6725247
235.5184093
235.3641639
235.2124507
235.0618787
234.9167307
234.7689483
234.6232608
234.4837095
234.3435988
234.2030258
234.0630217
233.9232886
233.7869758
233.6503808
233.511812
233.3765525
233.240528
233.1083868
232.9794665
232.8525758
232.7251387
232.5998273
232.4770995
232.354454
232.2322444
232.110479
231.98896
231.8639412
231.7350543
231.6048286
231.4751217
231.3448213
231.2123625
231.0816344
230.9446153
230.8076515
230.6681054
230.5299465
230.3937387
230.261238
230.1298644
229.9982807
229.8642173
229.7235927
229.5815568
229.4393036
229.2942586
229.1483112
229.0018557
228.8562943
228.7150211
228.5753652
228.4302834
228.285719
228.1410253
227.9944267
227.8483659
227.705166
227.5604992
227.4147592
227.271714
227.1278004
226.987066
226.8436583
226.6999181
226.5548182
226.4094086
226.2683702
226.128416
225.9891602
225.8507248
225.7109776
225.5727563
225.4338753
225.2964843
225.1608668
225.0248709
224.89135
224.7560713
224.6211637
224.4874363
224.3572884
224.2283548
224.101638
223.9762136
223.8506962
223.7224896
223.5926796
223.4608216
223.327142
223.1929909
223.0620565
222.9273708
222.7897064
222.6505112
222.513604
222.3734288
222.2299662
222.0840477
221.9410584
221.7976398
221.6561494
221.5145618
221.374044
221.2349661
221.0964757
220.9619151
220.82935
220.7010055
220.5764927
220.457406
220.3384664
220.2162205
220.0902633
219.960024
219.8289178
219.6946003
219.5619974
219.428831
219.2965976
219.1644209
219.0350345
218.9051927
218.7741728
218.6417889
218.5039544
218.3630512
218.2215365
218.0761232
217.9272161
217.7763707
217.624248
217.4695835
217.3120268
217.1561126
216.9982314
216.8391235
216.6758154
216.5070835
216.3383922
216.1693748
215.9970162
215.8248724
215.6535878
215.4776326
215.300384
215.1186501
214.9387779
214.7626165
214.5853411
214.4028937
214.2187205
214.0386532
213.8616835
213.6914878
213.5253461
213.3638349
213.2026567
213.0393388
212.8692409
212.7039925
212.5410268
212.3736963
212.206496
212.0413252
211.8787181
211.7206306
211.5615612
211.4029656
211.2436186
211.0814976
210.9202567
210.7595266
210.5956854
210.4308962
210.2625096
210.0934958
209.9254294
209.7572705
209.5901894
209.4204845
209.2540838
209.0899524
208.9315163
208.7750267
208.6201512
208.4665422
208.3138353
208.1552026
207.9977843
207.8381998
207.676684
207.5169571
207.3563131
207.1998889
207.0485876
206.899623
206.7515738
206.6093143
206.4615453
206.3098939
206.1553005
205.9987979
205.833816
205.6676804
205.4971267
205.3245261
205.1523869
204.9793608
204.8072027
204.6356701
204.4658904
204.2974833
204.1350042
203.9718972
203.8081349
203.6472744
203.4866771
203.3255937
203.1647963
203.0019507
202.8353661
202.6690205
202.5047527
202.3392885
202.1708233
202.0058539
201.8405304
201.674786
201.5085694
201.3437184
201.1801376
201.0155116
200.8450062
200.6744542
200.50754
200.3351119
200.1657487
199.998308
199.8329161
199.6686209
199.5062475
199.3384505
199.172893
199.0119173
198.8556186
198.6976659
198.5373706
198.3782577
198.2251568
198.0751413
197.9232506
197.7721872
197.6183378
197.468173
197.32274
197.175887
197.0324297
196.889002
196.7450605
196.6048336
196.4678517
196.3235172
196.1839666
196.0440042
195.9029492
195.7624804
195.6193013
195.4764877
195.3409378
195.2053783
195.0669163
194.9296605
194.7905174
194.6527093
194.5146028
194.3757283
194.23767
194.0973949
193.9585119
193.8218473
193.6862511
193.5533592
193.4220373
193.2869234
193.1486941
193.0075674
192.8722926
192.7293836
192.581494
192.434355
192.2904656
192.1499331
192.0068123
191.8656408
191.7235636
191.5829923
191.4401941
191.2925722
191.1385925
190.9844776
190.8211723
190.6604118
190.5002789
190.3381866
190.1781939
190.0208743
189.8677199
189.7115344
189.5558131
189.3991517
189.2417634
189.084114
188.9266604
188.7653136
188.6028946
188.4387897
188.2715079
188.1130424
187.9599881
187.8066738
187.6567604
187.5080445
187.3544176
187.2012844
187.0478361
186.8929132
186.7334766
186.5768712
186.4199717
186.2608585
186.1006113
185.942127
185.7848619
185.6257274
185.4634302
185.2992037
185.1289066
184.9569603
184.7848384
184.6158962
184.4463548
184.2754652
184.1037726
183.9345048
183.763051
183.5959661
183.4336978
183.2683438
183.1006896
182.9372465
182.77704
182.6214938
182.4655116
182.3111212
182.1601012
182.0112191
181.861566
181.7168139
181.5763409
181.4317132
181.2863553
181.1442564
180.9976667
180.8462756
180.6962189
180.5447996
180.3915914
180.2382923
180.0846372
179.9244124
179.7597413
179.5961319
179.4343578
179.2688543
179.1044239
178.9407639
178.7778486
178.6109851
178.4421764
178.2781544
178.1122217
177.949917
177.7896666
177.6264332
177.4636631
177.2988582
177.1305981
176.9627096
176.7924059
176.6227807
176.4569509
176.2946824
176.1363443
175.9798931
175.826213
175.6680353
175.5097877
175.351796
175.1943501
175.0413345
174.8929789
174.7423356
174.5917033
174.4408836
174.2935541
174.149221
174.0048105
173.8586657
173.714087
173.572153
173.4220167
173.267583
173.1079961
172.9454436
172.7800996
172.6119996
172.4445729
172.2783602
172.1104591
171.941588
171.7724614
171.6016692
171.4330505
171.2644854
171.0978599
170.9359162
170.7741034
170.6136792
170.4526367
170.2907622
170.1310303
169.9805423
169.830109
169.6839306
169.5333823
169.3834579
169.2318501
169.0771315
168.9283445
168.7804043
168.6390103
168.5010663
168.3658413
168.2296301
168.0899782
167.9531013
167.8177004
167.6787414
167.54057
167.4015318
167.2642525
167.1293357
166.9960083
166.8644143
166.7344414
166.6051939
166.469288
166.3311359
166.193643
166.0561883
165.9221973
165.7923848
165.6629303
165.5334311
165.4037113
165.2734145
165.1403742
165.0136248
164.8883787
164.7608718
164.6302523
164.4966146
164.366985
164.2383225
164.108449
163.9765937
163.8521667
163.7320966
163.6100993
163.4880186
163.3599494
163.2307948
163.0994149
162.966748
162.831442
162.6943684
162.5599289
162.4291593
162.2968405
162.1657864
162.0318218
161.8972465
161.7601505
161.6186022
161.4737181
161.3277189
161.1811924
161.0392888
160.9036697
160.7691997
160.6338289
160.5002232
160.3646714
160.2279165
160.0914458
159.9521923
159.8094444
159.6703915
159.5298116
159.3949862
159.2652526
159.1407326
159.0179228
158.8978637
158.7805701
158.6634899
158.5424165
158.4225838
158.3011372
158.1741434
158.0473985
157.9258056
157.808804
157.6915776
157.5724852
157.4488634
157.3199892
157.1890158
157.0551244
156.919579
156.7802356
156.6428794
156.5066885
156.371525
156.2423315
156.1161101
155.9840028
155.8411688
155.695583
155.5518183
155.4051826
155.2607901
155.1164773
154.9782436
154.8396756
154.7025733
154.5591923
154.4154781
154.2714982
154.1272539
153.9838839
153.8472439
153.7062775
153.5621091
153.4178293
153.2771342
153.1430505
153.012159
152.8751818
152.7369084
152.6010185
152.4660116
152.3319906
152.1953418
152.0537543
151.9113031
151.7661357
151.6234009
151.480319
151.3409456
151.2075544
151.0769491
150.947463
150.8146097
150.6852948
150.5569867
150.4298856
150.2999913
150.1769522
150.0578938
149.9389631
149.8202953
149.6979161
149.5720596
149.4489197
149.3230109
149.197454
149.0668941
148.9355154
148.804765
148.6701509
148.5372603
148.4054487
148.2693069
148.1350084
147.9979246
147.8542517
147.7134967
147.5684869
147.4300661
147.2966573
147.1658543
147.0331058
146.9010756
146.7696404
146.6385292
146.5003256
146.3634424
146.2250099
146.0914824
145.9636988
145.8366258
145.7175029
145.6065702
145.495724
145.382846
145.2665135
145.1565708
145.0474983
144.9398113
144.8359002
144.7345521
144.6270499
144.5158583
144.4044478
144.2894434
144.1753285
144.0616498
143.943783
143.8212541
143.6941976
143.5657734
143.4392152
143.3153844
143.1958002
143.0774418
142.9545634
142.8302711
142.7013409
142.5743613
142.4500444
142.3233396
142.1886246
142.0534961
141.9195091
141.7826079
141.6456702
141.5117218
141.3742987
141.2288312
141.0821767
140.9406018
140.8018205
140.6618862
140.520822
140.3703035
140.2086249
140.0520233
139.9014518
139.7487125
139.605055
139.4586733
139.3143253
139.1703382
139.028546
138.8881102
138.7500363
138.6102391
138.4745252
138.3443662
138.218269
138.0939078
137.9694933
137.8477613
137.7322348
137.6244795
137.5216154
137.4255684
137.3275907
137.2261782
137.1233007
137.0251701
136.9297571
136.8311269
136.7326087
136.6366176
136.5384401
136.4396608
136.3414254
136.2450615
136.1489135
136.0575222
135.9700989
135.8795376
135.7940981
135.709629
135.6362456
135.5626823
135.4916744
135.4201089
135.3497784
135.2836538
135.2187574
135.1569695
135.094983
135.0292468
134.965077
134.9045042
134.8393646
134.7638915
134.6911607
134.6202219
134.5537245
134.4850155
134.4225172
134.3658748
134.3019562
134.2352306
134.1700211
134.1019044
134.0338563
133.9664321
133.8985453
133.8291704
133.760414
133.6869282
133.6080152
133.5249126
133.4405061
133.3525444
133.2600658
133.1634823
133.0702059
132.9764459
132.8764106
132.7773008
132.6732026
132.5635277
132.4487144
132.3348482
132.2225043
132.115198
132.0103598
131.9051078
131.80655
131.7081342
131.6127419
131.5204832
131.4224162
131.3193109
131.220413
131.1263276
131.0336828
130.9446474
130.8565605
130.7671693
130.6747404
130.5790709
130.4844723
130.3861145
130.2890827
130.1954104
130.1046821
130.0147656
129.9243064
129.8335689
129.7475365
129.6620051
129.5763007
129.4937517
129.4100283
129.329388
129.2489881
129.1711856
129.093871
129.0157893
128.9374265
128.8679997
128.8052951
128.7395967
128.6682631
128.5945431
128.52267
128.4557548
128.395233
128.3367464
128.2712119
128.2035343
128.1374183
128.0763794
128.0160726
127.9518822
127.8875233
127.8258593
127.759395
127.6984592
127.6395945
127.5790556
127.5144264
127.4480504
127.383997
127.3242223
127.261749
127.1986767
127.1386998
127.0834574
127.0282943
126.9755915
126.9264106
126.8761325
126.8249557
126.7743004
126.7296671
126.6843453
126.6372853
126.5928617
126.5491616
126.5050268
126.4558782
126.4062071
126.3574096
126.3089228
126.2597738
126.2054172
126.1517414
126.0943838
126.0343476
125.9743045
125.910829
125.8409739
125.768024
125.6967195
125.6317362
125.5712317
125.511764
125.45266
125.3924986
125.3309577
125.2705729
125.21108
125.1528544
125.0984308
125.0468138
124.9971282
124.9513559
124.9061667
124.8615042
124.8193049
124.7762408
124.7303231
124.6896291
124.6491879
124.6113571
124.5768894
124.5471223
124.519902
124.4991672
124.482674
124.4692776
124.4547948
124.4427141
124.4301025
124.4186709
124.4106445
124.4048111
124.4002103
124.3926625
124.3772024
124.354575
124.3294526
124.3019004
124.2706141
124.2356353
124.2000968
124.156051
124.1039984
124.0520019
124.000553
123.9548741
123.90884
123.8677463
123.8302128
123.7896673
123.7476032
123.706756
123.6637519
123.6208163
123.5777654
123.53304
123.4944102
123.4565843
123.4078799
123.3548091
123.3052751
123.2560574
123.2016483
123.1444187
123.0855594
123.0227369
122.9578008
122.8949857
122.8338616
122.7693621
122.6929685
122.6084227
122.5149124
122.4123427
122.3100586
122.2064034
122.1069415
122.0042358
121.9032755
121.8011825
121.6884753
121.566393
121.439823
121.313371
121.1881569
121.0691555
120.9596951
120.8496836
120.7404315
120.6328658
120.5296086
120.4248472
120.3297201
120.2372823
120.1447596
120.0506093
119.9585381
119.863812
119.7702213
119.6767148
119.5840025
119.4926984
119.4024159
119.3125519
119.2210162
119.1336321
119.0480578
118.9677195
118.8896303
118.8052521
118.7250102
118.6509217
118.5783603
118.5047519
118.4307577
118.3574207
118.2858596
118.2150441
118.1440637
118.0778843
118.0127537
117.9465874
117.8775807
117.8007038
117.7230493
117.6449341
117.5667794
117.4867927
117.4201435
117.3545714
117.2859737
117.2175527
117.1485206
117.0882793
117.0240662
116.9595567
116.8915027
116.820355
116.7417249
116.6621194
116.5804097
116.4955944
116.4122021
116.3256593
116.2342898
116.1373742
116.0348507
115.9313631
115.8314528
115.727349
115.6184712
115.5146162
115.4120638
115.3115284
115.2118973
115.1084324
115.0045619
114.9109803
114.8190781
114.7278871
114.6356226
114.5455507
114.4563359
114.3690213
114.280887
114.1934535
114.1049036
114.020638
113.9390622
113.8558211
113.7735981
113.6929031
113.6154251
113.5330506
113.4546727
113.3760774
113.297488
113.2162499
113.1354788
113.0520712
112.9672454
112.8866866
112.8106042
112.7360594
112.6654117
112.6001558
112.5310698
112.4725432
112.4162307
112.3589978
112.3010099
112.2432518
112.1892885
112.1341082
112.0780865
112.0214879
111.9668159
111.9139219
111.859152
111.8054386
111.758818
111.7154051
111.6710063
111.6293912
111.5841075
111.5357306
111.4843633
111.4320964
111.3794325
111.3304328
111.2855286
111.2465063
111.2155358
111.1895728
111.1647616
111.1369236
111.1157516
111.0954416
111.0644757
111.0251861
110.9907248
110.9552896
110.9237184
110.8981043
110.8766538
110.8534775
110.8212064
110.7893778
110.7612786
110.731684
110.7006091
110.6681932
110.6371307
110.6058216
110.5751941
110.5460906
110.51948
110.4957257
110.4707779
110.4487724
110.4228155
110.3972464
110.3717607
110.3443439
110.3140752
110.2796951
110.2427805
110.2058262
110.1745852
110.1487383
110.1220858
110.1002137
110.0806277
110.0599026
110.0382905
110.0177734
109.9964816
109.9783363
109.9603785
109.9472218
109.9390975
109.9381782
109.9418222
109.9522485
109.9725853
109.9903269
110.0112631
110.0435383
110.0711651
110.0910731
110.1117594
110.1316076
110.1532752
110.1699099
110.186317
110.2081928
110.2340131
110.2642113
110.2924211
110.3188531
110.349161
110.3830677
110.4244048
110.467181
110.5072357
110.5483401
110.5866677
110.6255651
110.6691368
110.7116145
110.7563095
110.7996741
110.8422331
110.8843815
110.9303054
110.9731918
111.0146924
111.0582722
111.1015515
111.1510018
111.2075662
111.2672107
111.3292705
111.3887242
111.4491052
111.5082479
111.5639595
111.6204528
111.6784959
111.7327689
111.782347
111.8316254
111.8820362
111.9335534
111.985004
112.0344701
112.0848549
112.1339255
112.1758965
112.2164509
112.2582085
112.3012942
112.3406576
112.3729813
112.4002648
112.4198029
112.4368246
112.4480241
112.4527672
112.4583676
112.4640142
112.4702141
112.4771344
112.482991
112.4879422
112.4920623
112.4945155
112.4918884
112.4831361
112.4803383
112.4755882
112.4682995
112.4615279
112.459616
112.459055
112.4564922
112.4521661
112.4420707
112.4260331
112.4113733
112.3922001
112.3719324
112.3486088
112.3277778
112.3008566
112.2739369
112.2447151
112.211385
112.179742
112.1460736
112.1118283
112.0794591
112.0492664
112.0144602
111.9803082
111.9522231
111.9255773
111.9002228
111.8732928
111.8444695
111.8161082
111.7867607
111.7580085
111.7266084
111.6944311
111.6620887
111.6298736
111.6030056
111.5772546
111.5499104
111.5228784
111.4979198
111.472504
111.4484951
111.4218463
111.3919865
111.3632211
111.3367175
111.3092632
111.2829718
111.2572946
111.2288216
111.1991301
111.1683636
111.1409733
111.1165637
111.0867445
111.0523647
111.0212685
110.9905035
110.9605459
110.9265815
110.8927403
110.8584271
110.8260783
110.8000197
110.7740041
110.7450203
110.7122133
110.6776032
110.6507705
110.6280991
110.6055056
110.5850081
110.5644297
110.5428225
110.5210487
110.5009692
110.4786539
110.458284
110.4386421
110.4151242
110.3864938
110.3616085
110.3380696
110.3088973
110.2752002
110.2467202
110.2175534
110.1841402
110.1492464
110.1204579
110.08915
110.0602018
110.0330911
110.0068662
109.9849216
109.9634712
109.936242
109.9126125
109.8937026
109.8726098
109.8448197
109.815003
109.7874163
109.766626
109.7479493
109.7267571
109.6980791
109.6675021
109.6374846
109.6102058
109.5831106
109.5571377
109.5336376
109.5062921
109.4781184
109.4478051
109.4160645
109.3842063
109.3520225
109.3152707
109.276
109.2359478
109.198416
109.1494267
109.0992212
109.05036
108.9988499
108.9530533
108.9124462
108.8731569
108.8400898
108.8099802
108.7826468
108.7566922
108.7322385
108.7122277
108.6865579
108.6619028
108.6430746
108.6241597
108.6110856
108.6024251
108.5882478
108.5722017
108.5498763
108.5303518
108.5118716
108.4987372
108.4914712
108.488673
108.4902511
108.494294
108.5005537
108.5089616
108.5117368
108.5093522
108.505043
108.5003123
108.4889765
108.4779956
108.4706293
108.4591822
108.4447322
108.4245689
108.4052464
108.3874491
108.3695443
108.3580068
108.3531651
108.3509114
108.3593613
108.3741499
108.3957085
108.4214126
108.4483734
108.4720248
108.4934526
108.5166879
108.5438575
108.5720731
108.5982339
108.6248656
108.6537594
108.6838333
108.7171429
108.7554135
108.7974952
108.8471251
108.9006255
108.9582926
109.014857
109.0715992
109.1315932
109.1967689
109.270642
109.3468026
109.4140948
109.4810694
109.5501251
109.6200064
109.6935644
109.7703072
109.8434183
109.9161417
109.9838668
110.0389334
110.0977871
110.155896
110.2148466
110.2699401
110.3205703
110.3717103
110.4162555
110.4559818
110.4956677
110.5392744
110.5874828
110.6345472
110.6804635
110.7245873
110.7602696
110.7941094
110.8251274
110.8557321
110.8838585
110.9074094
110.9298023
110.9512184
110.9703808
110.993204
111.0158181
111.0409137
111.0636116
111.0843401
111.0960851
111.1063281
111.1144459
111.125535
111.1426787
111.1603659
111.1823798
111.2005534
111.2195568
111.2377398
111.2544547
111.2686821
111.2816119
111.2981758
111.3126241
111.3296515
111.3476087
111.3666733
111.3838069
111.403152
111.4282802
111.4553199
111.4818684
111.5029667
111.5290525
111.5537992
111.5754498
111.5981288
111.6262353
111.6547221
111.6872168
111.7169855
111.7465477
111.7785974
111.8102345
111.8409914
111.8762157
111.9132986
111.9528824
111.9979806
112.0523919
112.1092937
112.1682031
112.2266798
112.2888297
112.349652
112.4087758
112.4704028
112.5352065
112.6035604
112.6744364
112.7428923
112.8056998
112.8627566
112.9221994
112.9809295
113.0440913
113.1098205
113.1748841
113.2395708
113.3043393
113.3662724
113.4221676
113.4760005
113.5286463
113.5820759
113.6369581
113.6930648
113.7502754
113.8046262
113.8616869
113.9175879
113.9747035
114.0297599
114.0898556
114.148568
114.2083112
114.2673574
114.327197
114.3862748
114.445948
114.5038308
114.562539
114.6194248
114.6767603
114.7370121
114.7993711
114.8610235
114.9215951
114.9796025
115.0368633
115.100955
115.1726375
115.2449405
115.3171752
115.3846959
115.449912
115.5172724
115.5839656
115.6498639
115.7072472
115.7616257
115.8179598
115.8758689
115.9325627
115.9885011
116.0396402
116.0876178
116.1369126
116.1922217
116.2506247
116.3082298
116.358922
116.4089004
116.4619444
116.5095874
116.5569399
116.6088009
116.6633365
116.7191573
116.7742373
116.8289126
116.8856436
116.9394249
116.9932986
117.0534025
117.1152423
117.1796362
117.24168
117.3035566
117.3681817
117.4307371
117.4928218
117.5552977
117.6197204
117.6815016
117.7450004
117.8092307
117.8715803
117.9325303
117.9933307
118.0570319
118.1222733
118.1868431
118.2508294
118.310316
118.3689722
118.4265887
118.485255
118.541464
118.5931626
118.6433697
118.6855614
118.7270361
118.768545
118.806298
118.8422834
118.8761062
118.9036197
118.9338762
118.9702076
119.0084643
119.0504054
119.0869125
119.1244643
119.162584
119.2003433
119.2340265
119.2672915
119.2961723
119.3257097
119.3524579
119.3781456
119.401262
119.4183246
119.4351474
119.4548118
119.4775736
119.5013916
119.5229672
119.544152
119.5695492
119.5991031
119.6288391
119.6593372
119.6948641
119.7321874
119.7656062
119.7979666
119.8301152
119.8639891
119.8948372
119.9299681
119.967119
120.0024011
120.0371358
120.0709615
120.1052402
120.1366538
120.1692094
120.2033184
120.2341152
120.2699278
120.3072685
120.3422019
120.3763884
120.4095793
120.4408357
120.4715418
120.5055391
120.5430643
120.5739028
120.5999612
120.6257687
120.6565958
120.6914155
120.728388
120.7671321
120.8066558
120.8458539
120.8831136
120.919748
120.9606967
121.0041195
121.0487509
121.0944341
121.1412613
121.1887415
121.2289887
121.2691621
121.3130605
121.3609728
121.4103601
121.4653139
121.5221603
121.5807779
121.6415447
121.7003227
121.7617157
121.8256795
121.8894631
121.9474645
122.00424
122.0584944
122.1118005
122.1654035
122.2235548
122.2823819
122.3388521
122.3950126
122.4507897
122.5054136
122.5595627
122.6156576
122.6723331
122.726713
122.7834825
122.836281
122.8853911
122.9362347
122.9872057
123.0363801
123.0862645
123.1348463
123.1835488
123.2323427
123.2828445
123.339023
123.3982737
123.4588208
123.5158615
123.5752826
123.6330146
123.6943608
123.757048
123.8215487
123.8914916
123.962545
124.0389228
124.1148271
124.1973415
124.2796096
124.3678063
124.4583459
124.5495983
124.6436308
124.7371346
124.8286094
124.9208711
125.016115
125.1099793
125.2051232
125.3043117
125.4035485
125.5051649
125.6050534
125.7041341
125.8022387
125.8994066
125.9957816
126.0920319
126.187783
126.2805272
126.3700731
126.4584713
126.546553
126.6332295
126.7163865
126.8011576
126.8813046
126.9578748
127.0315428
127.1043837
127.1756203
127.2504623
127.3296195
127.4104769
127.4958305
127.5849403
127.6771793
127.7668846
127.8573553
127.9484974
128.0435212
128.1390078
128.2346413
128.328404
128.4141756
128.4959652
128.575577
128.6579899
128.7398963
128.823876
128.9090277
128.9944481
129.0754144
129.1522115
129.226389
129.2992707
129.3747194
129.4461382
129.5185465
129.5968849
129.6798738
129.7639427
129.8480731
129.9322095
130.0157625
130.1021607
130.1920733
130.285074
130.376125
130.4672512
130.5576918
130.6446436
130.7223433
130.794992
130.8654865
130.9386913
131.0179344
131.0988361
131.1825123
131.2764796
131.3748142
131.4679922
131.5600898
131.6547139
131.7497892
131.8397933
131.9292092
132.0127849
132.088592
132.1652783
132.2443779
132.3259057
132.4089975
132.4911237
132.5747617
132.6573858
132.7432367
132.8250387
132.9057965
132.9852376
133.0655005
133.1460383
133.2201271
133.2932047
133.3690485
133.4474641
133.5301435
133.6154671
133.6983554
133.7752929
133.8442833
133.9095146
133.9694537
134.0330925
134.099064
134.1629128
134.2272163
134.2831339
134.3308071
134.3770403
134.4198048
134.4610276
134.4996588
134.5292221
134.5580117
134.5913411
134.6328274
134.6711824
134.7018411
134.7329712
134.7683774
134.8049156
134.840992
134.8760115
134.9107709
134.9433554
134.9740393
135.0011927
135.0226201
135.0392761
135.0513573
135.0655024
135.0773754
135.0857469
135.0933303
135.0973138
135.0980923
135.09608
135.0910011
135.0933461
135.0978259
135.1002092
135.1051173
135.1134445
135.1209162
135.1312495
135.143596
135.1543621
135.1658211
135.1770986
135.1842899
135.1860491
135.1923555
135.2002757
135.2085578
135.2140047
135.211885
135.2092846
135.2057785
135.1962667
135.1855285
135.175778
135.1695432
135.1576181
135.1409079
135.1292238
135.1202332
135.113769
135.1053411
135.0918343
135.0768697
135.0581893
135.0432513
135.0344452
135.0290098
135.0245015
135.0248858
135.0372867
135.055462
135.0757974
135.0998885
135.1295093
135.1617276
135.1909504
135.2189708
135.2491608
135.2822266
135.3120757
135.3443881
135.3795932
135.4110448
135.4399189
135.4636958
135.4747637
135.4866165
135.497581
135.5075642
135.5214109
135.5371782
135.5560087
135.5819888
135.6104646
135.6374024
135.6649997
135.6928882
135.7166163
135.7427214
135.7733568
135.809149
135.8432112
135.878492
135.9167468
135.9609292
136.0063782
136.0520917
136.0918776
136.1219151
136.1446468
136.1656447
136.1838016
136.2018828
136.2144479
136.2194482
136.2136713
136.2037308
136.1944005
136.177876
136.1605906
136.139194
136.1177769
136.1096165
136.1053533
136.0978836
136.0868479
136.0745979
136.0624972
136.0526848
136.0481571
136.0396555
136.0343923
136.0317019
136.0329721
136.0420127
136.0585909
136.0709323
136.0760722
136.0736653
136.070465
136.0743554
136.0836692
136.0964417
136.1181313
136.1426622
136.1679156
136.1872626
136.1992793
136.2091092
136.2187555
136.2354938
136.2554178
136.2788594
136.3019238
136.3271088
136.3486789
136.3717598
136.4006765
136.4262527
136.4488652
136.47215
136.4908919
136.5070888
136.5156508
136.518878
136.5257715
136.5346068
136.5487762
136.5699807
136.5925874
136.6210292
136.6509751
136.6885875
136.7285716
136.7748495
136.8242166
136.8726035
136.9156983
136.9546984
136.9904189
137.0311025
137.068825
137.1018841
137.1341757
137.1667611
137.2015054
137.234966
137.2675235
137.3040563
137.3351531
137.3634819
137.4011198
137.4412497
137.488912
137.5442276
137.6084478
137.6813283
137.748856
137.8191747
137.8889188
137.9590479
138.0249085
138.0897252
138.1552573
138.2251166
138.3022708
138.378875
138.4471029
138.5205301
138.595739
138.6725207
138.7467455
138.8153261
138.8815056
138.9485135
139.0087418
139.0660813
139.1177534
139.1641503
139.2098749
139.2500991
139.2899869
139.325129
139.3583186
139.3953872
139.4312973
139.4716603
139.5168002
139.556402
139.5926437
139.623485
139.6523293
139.6799025
139.6947877
139.700074
139.6971023
139.6894921
139.678718
139.6696709
139.6676348
139.6688601
139.6698524
139.6730318
139.6761117
139.6834649
139.6869047
139.699658
139.7169891
139.7390812
139.7609802
139.7804464
139.7999794
139.808325
139.8048542
139.7895844
139.7569292
139.7193773
139.6674874
139.6190468
139.5767982
139.5408253
139.5138375
139.4849056
139.454842
139.4269678
139.4065572
139.3853072
139.3610799
139.3434624
139.3297824
139.3188477
139.3068705
139.2824414
139.2572607
139.2282877
139.1972094
139.1735193
139.1576471
139.1391088
139.1152186
139.0932388
139.0704979
139.0512386
139.0373863
139.0237146
139.0048055
138.9685097
138.9295975
138.8889898
138.845766
138.8022024
138.7492923
138.6937753
138.6373787
138.5937506
138.5568209
138.524082
138.4986126
138.4758495
138.4543983
138.4338999
138.4041614
138.3732434
138.3414676
138.3067303
138.2706986
138.2298754
138.1888354
138.1579262
138.1287035
138.1021442
138.0696721
138.0353972
137.9992824
137.9519813
137.904245
137.8583355
137.8039367
137.7490365
137.7050768
137.6615461
137.6221908
137.5684848
137.5099841
137.4369568
137.3557645
137.2691069
137.1725544
137.0685146
136.9627815
136.8689377
136.7693072
136.6653133
136.5514277
136.4369371
136.3203948
136.1949727
136.0678752
135.9494837
135.8373586
135.7315147
135.6328919
135.5481427
135.4575157
135.3561881
135.2507475
135.1337824
135.0080606
134.8837299
134.7643947
134.650899
134.5412655
134.4195097
134.3048462
134.1953869
134.0734498
133.9470141
133.8233712
133.6943133
133.5511
133.4072341
133.2692417
133.1295396
132.99125
132.8533132
132.7168367
132.5700339
132.416624
132.261077
132.113452
131.9656409
131.827925
131.6791449
131.5180919
131.3430375
131.153573
130.9550537
130.7551639
130.5550583
130.3583863
130.1729641
129.989891
129.7969143
129.5995681
129.4015727
129.1937834
128.9830624
128.7714618
128.5542061
128.3365871
128.1200318
127.9163891
127.712395
127.4955242
127.2808158
127.0740024
126.8615381
126.6460755
126.4264545
126.1992057
125.9732373
125.7523034
125.5399689
125.3408926
125.1549057
124.9860932
124.8165483
124.6613554
124.4931799
124.330527
124.152721
123.9618263
123.7765477
123.5931472
123.4040134
123.2081123
123.0151648
122.8235188
122.6399542
122.4629853
122.2983202
122.1327884
121.972213
121.8250024
121.6741069
121.5129733
121.3600009
121.2033366
121.0403939
120.8820382
120.7363194
120.5944664
120.4578246
120.3345252
120.2221929
120.1244043
120.0312078
119.9211546
119.8048984
119.6773061
119.5561435
119.4417153
119.3324285
119.224842
119.1044728
118.9764576
118.8533582
118.7268666
118.5955022
118.4484105
118.3092393
118.1768006
118.0532504
117.9272305
117.7933614
117.656791
117.5227185
117.3860648
117.2395194
117.0839652
116.9313138
116.7548132
116.5656413
116.3594598
116.1475573
115.93076
115.7128194
115.4847256
115.2603603
115.0233863
114.7721707
114.5117805
114.2504403
113.9933071
113.7473044
113.5097849
113.2769779
113.052309
112.831669
112.622341
112.4063962
112.1852347
111.9879725
111.7889271
111.5909491
111.3870224
111.1823967
110.9613056
110.7442058
110.5216139
110.2907963
110.0516528
109.8117754
109.5891383
109.3801872
109.1817091
108.9615569
108.7219432
108.484957
108.2586016
108.0282006
107.7921237
107.5601813
107.3263355
107.0748345
106.8166518
106.5622074
106.3239415
106.1023668
105.8684669
105.6209373
105.3767105
105.1407495
104.9144662
104.6764473
104.4512898
104.2288347
104.0182451
103.8103801
103.5962934
103.3885416
103.1870572
103.0000519
102.8193348
102.6483891
102.4838247
102.3231333
102.14924
101.9630412
101.7809997
101.6188988
101.4706658
101.3247881
101.1729751
101.0291242
100.8951631
100.7691833
100.6195443
100.4859454
100.3679712
100.2576324
100.1515234
100.0286142
99.91706287
99.82307476
99.71625458
99.60139255
99.47488562
99.36174353
99.25677631
99.16178645
99.04881339
98.92661851
98.79928536
98.6833804
98.54789731
98.40314965
98.26863085
98.12495065
97.99094966
97.86426097
97.71880945
97.56051717
97.39311045
97.19797757
97.00138111
96.84300366
96.71715735
