43792.67573
30965.76085
25273.18605
21868.69867
19556.83288
17852.44846
16526.9726
15458.51882
14572.18779
13825.1403
13181.22833
12129.05592
11295.86007
10614.02831
10044.24458
9337.369965
8589.438257
8132.857841
7509.667879
7007.216524
6595.330994
6124.324516
5689.420521
5333.840997
4974.404583
4626.471816
4319.146675
4029.384426
3752.957929
3504.869796
3278.966205
3065.822754
2868.471689
2683.470377
2504.053867
2330.809617
2170.280214
2021.637848
1887.763358
1761.810212
1644.481965
1531.54681
1428.170597
1331.853323
1245.276014
1166.420089
1093.315372
1024.098745
957.399168
892.5506308
829.5776162
772.6000413
721.5318921
674.6446427
633.6830821
596.5119202
557.433951
519.3368153
482.4699695
447.6108408
412.8263281
383.2691451
357.9292231
332.8296232
307.0014968
287.799442
269.3332891
252.1270816
237.271775
223.8210893
207.6671518
194.1083094
186.513458
180.3824582
175.3959271
172.0803271
173.6192532
175.4194523
177.1983544
180.7861186
186.1246627
190.9593389
199.908262
210.648534
220.364131
228.513026
236.8776793
248.7128283
270.897966
299.1502634
325.1133523
341.2826725
360.9402736
