0.005000805625
0.01000161125
0.01500241688
0.0200032225
0.02500402813
0.03000483375
0.03500563938
0.040006445
0.04500725063
0.05000805625
0.05500886188
0.06501047313
0.07501208438
0.08501369563
0.09501530688
0.1100177238
0.1250201406
0.1400225575
0.16002578
0.1850298081
0.2100338363
0.24003867
0.2750443094
0.3100499488
0.3550571994
0.4050652556
0.4650749231
0.5300853963
0.6050974806
0.6901111763
0.7851264831
0.9001450125
1.025165153
1.170188516
1.335215102
1.525245716
1.745281163
1.990320639
2.275366559
2.600418925
2.970478541
3.390546214
3.870623554
4.420712173
5.050813681
5.770929691
6.591061814
7.531213271
8.601385675
9.821582248
11.22180782
12.81706482
14.63735806
16.72269401
19.10307749
21.81851494
24.92401524
28.46958642
32.51523817
37.14598418
42.42683492
48.46280731
55.35891827
63.23518713
72.23163645
82.51329281
94.25018362
107.6623443
122.9798119
140.4776308
160.4608501
183.2945286
209.3737299
239.163529
273.1890105
312.0602726
356.4624258
407.1755956
465.1099288
531.2905904
606.8827682
693.231679
791.8625683
904.530719
1033.231453
1180.240136
1348.167188
1539.98309
1759.098389
2009.38371
2295.284768
2621.86238
