48148.15107
32506.52692
26109.06727
22421.5362
19952.00165
18150.99828
16763.03671
15651.19167
14734.64238
13962.21421
13299.72385
12215.93694
11360.09438
10662.09
10078.70613
9359.21019
8602.820658
8142.252817
7515.700812
7014.586069
6601.962493
6130.131475
5697.78044
5345.650954
4985.433612
4636.308881
4330.132736
4042.504586
3762.914205
3511.411731
3276.422135
3052.809828
2845.066132
2654.850215
2474.155386
2306.429171
2150.297377
2005.006886
1870.071753
1743.690418
1626.215175
1515.815874
1413.998173
1318.132263
1229.12457
1146.051299
1068.787318
996.6690289
929.371548
866.5475586
808.157069
753.6644721
702.9043735
655.547955
611.5532559
570.5656954
532.4126402
496.9063148
463.9529763
433.3478905
404.9972247
378.7599342
354.5674691
332.3076778
311.9408153
293.4068275
276.6851459
261.7613529
248.639432
237.3434505
227.909138
220.3791319
214.7996048
211.2123085
209.6475067
210.1198905
212.6249402
217.1403821
223.62966
232.0478953
242.349914
254.4954293
268.4546815
284.2132722
301.7719409
321.1508401
342.3865278
365.5340954
390.6658906
417.8702569
447.252247
478.9318502
513.0454704
