44287.61943
31231.79627
25477.69634
22054.39774
19720.72935
17999.24729
16661.93229
15584.31896
14691.947
13937.18098
13287.94099
12222.22955
11377.67059
10687.03148
10108.60456
9393.800552
8811.937377
8326.334986
7788.422575
7242.964194
6798.101303
6358.985563
5940.521796
5595.114615
5228.482266
4895.122239
4568.432641
4279.170572
4005.208201
3750.463257
3516.274
3284.02644
3077.355847
2880.452906
2696.680229
2523.215535
2358.924666
2209.075579
2066.217788
1932.921282
1808.679204
1693.106411
1584.818068
1483.139739
1387.760125
1298.520212
1215.293415
1137.172718
1064.360314
996.3506129
932.4398651
872.827098
817.1196492
764.8689123
716.0505055
670.4626847
627.7882817
587.9169126
550.6865039
515.8239847
483.3090082
452.9213414
424.5487285
398.0815552
373.4088079
350.4219688
329.0625562
309.2367076
290.9023654
274.0188913
258.5778376
244.5874922
232.1059133
221.2256795
212.0937817
204.9142038
199.9573594
197.5535646
198.0814256
201.9488641
209.5652746
221.3233139
237.5909235
258.7262599
285.1000768
317.1274566
355.3014513
400.2143269
452.5849679
513.2675244
583.2795802
663.8108164
