0.3231883664
0.2105327309
0.166714983
0.1420821203
0.1258337
0.1141042638
0.1051310966
0.09798285199
0.09211576553
0.08718849981
0.08297465013
0.07610422523
0.07069811521
0.06630096133
0.06263370354
0.05812016145
0.05446017034
0.05141480041
0.04805053236
0.0446483316
0.04188007728
0.03915298426
0.03655886984
0.03442093754
0.0321547331
0.03009684309
0.02808248506
0.0263007861
0.02461491628
0.02304867535
0.02160998265
0.02018433938
0.0189166699
0.01770980973
0.01658427762
0.01552270631
0.01451811252
0.01360264119
0.01273073091
0.01191806894
0.01116155045
0.0104588234
0.009801480806
0.009185472273
0.008608975242
0.00807110414
0.007571177711
0.007103860286
0.006670497907
0.006268229351
0.00589310631
0.005546547387
0.005226536721
0.004930848308
0.00465975467
0.004412573407
0.00418810345
0.003986354285
0.003807125461
0.003649805722
0.003515024499
0.003402566028
0.003312716377
0.003245738143
0.003201837411
0.003181172926
0.003183847182
0.003209842494
0.003259043997
0.003331277486
0.003426294256
0.003543918847
0.003683913824
0.003846180491
0.004030699835
0.004237640334
0.00446726238
0.004719975118
0.00499644455
0.005297438397
0.005623868905
0.005976875662
0.006357720672
0.006767880771
0.007208965243
0.00768274137
0.008191184058
0.008736411869
0.009320772788
0.009946739824
0.01061704327
0.0113345809
