0.2870602089
0.197866157
0.160140819
0.1380689556
0.1231604816
0.1122271759
0.1037682053
0.09697226878
0.09135742293
0.0866169959
0.08254532957
0.07587311404
0.07059486293
0.06628430683
0.06267785051
0.0582255212
0.05460464756
0.05158499286
0.0482422582
0.04485485901
0.04209374078
0.03936959343
0.03677470403
0.03463363478
0.03236175146
0.03029669304
0.02827353666
0.02648263559
0.02478686377
0.02321040069
0.02176145675
0.02032483779
0.01904671292
0.01782926948
0.01669328616
0.0156213084
0.01460633303
0.01368090187
0.01279900919
0.01197654745
0.01121041164
0.01049825492
0.009831585422
0.009206313463
0.008620604624
0.008073576956
0.007564560857
0.007088145562
0.006645728209
0.006234421407
0.005850218972
0.005494612812
0.005165588306
0.004860916361
0.004580951676
0.004325084968
0.004092186637
0.003882402247
0.003695684895
0.003531581899
0.00339095458
0.003273795902
0.00318062325
0.0031119128
0.003068045491
0.003049299029
0.003055817825
0.003087553262
0.003144279845
0.003225659187
0.003331237824
0.003460630443
0.003613385758
0.003789219327
0.003987954177
0.004209638901
0.004454443238
0.00472271646
0.00501509742
0.005332345315
0.005675381842
0.006045374711
0.006443624405
0.006871658774
0.007331145056
0.0078239154
0.008352017426
0.008917646902
0.009523236231
0.01017134576
0.01086480055
0.01160659715
