0.2687618727
0.1903107597
0.1553358184
0.1343992079
0.1200624066
0.1095371013
0.101394741
0.09479884044
0.08934150979
0.08475204612
0.08083396973
0.07437417247
0.06929541182
0.06515450415
0.06167481677
0.05732001367
0.05375827394
0.05077073246
0.04746748817
0.0441485751
0.04144921555
0.0387755601
0.0362210886
0.03409064698
0.03181135114
0.02971981191
0.02770750724
0.02594386635
0.02428848017
0.02273207893
0.02130009629
0.01988924777
0.01866933011
0.01753511238
0.01650002763
0.01552654007
0.01459467694
0.013703301
0.01278558386
0.01193441535
0.01114603919
0.01038710657
0.009675860797
0.009017428303
0.008406001314
0.00783053261
0.007319526425
0.006825179767
0.006398502242
0.006020791674
0.005661893998
0.005321619692
0.005040174757
0.004786792828
0.004520829832
0.004292267223
0.004086344601
0.003874270828
0.003682305347
0.003507487892
0.00333241362
0.003190455933
0.003102570489
0.003051282276
0.003033016467
0.003062501265
0.003113551061
0.003170139726
0.003253271815
0.003388833746
0.003570583085
0.003799474903
0.004069031449
0.004339263464
0.004588016954
0.004820162562
0.005052202467
0.005293265398
0.005531837804
0.005714389738
0.005777316406
0.00568616493
0.005468258787
0.005274265833
0.00524380561
0.005474399683
0.005911368047
0.006523191668
0.00728795082
0.007831252921
0.007998363805
0.008182876515
