85856.84327
55106.87397
43362.48293
36825.95877
32541.72505
29462.6765
27114.81812
25249.11379
23720.80879
22439.36323
21344.90234
20396.05665
19563.21302
18824.54594
18163.57072
17567.57434
17026.57487
16532.61123
16079.24631
15661.2115
15274.14765
14914.41274
14578.93711
14265.11284
13970.70815
13693.80044
13432.72333
13186.02441
12952.43115
12730.82325
12520.21
12319.71166
12128.54394
11946.00511
11771.46516
11604.3566
11444.16678
11290.4312
11142.72787
11000.67244
10863.91398
10732.13135
10605.03
10482.33925
10363.80981
10249.21168
10138.33229
10030.97478
9926.956622
9826.108224
9728.271828
9633.300447
9541.056946
9451.413203
9364.249367
9279.45318
9196.919371
9116.549106
9038.249494
8961.93313
8887.517689
8814.925553
8744.083466
8674.922231
8607.37642
8541.384114
8476.886668
8413.82849
8352.15684
8291.821642
8232.77532
8174.972631
8118.370528
8062.92802
8008.606048
7955.367373
7903.176462
7851.999396
7801.803772
7752.558618
7704.234314
7656.802516
7610.236087
7564.50903
7519.596431
7475.474395
7432.12
7389.511244
7347.626996
7306.446956
7265.951608
7226.122189
7186.940646
7148.389604
7110.452332
7073.112717
7036.355229
7000.1649
6964.527292
6929.42848
6894.855023
6860.793944
6827.232713
6794.159222
6761.561773
6729.429053
6697.750125
6666.514408
6635.711663
6605.331979
6575.36576
6545.803712
6516.63683
6487.856389
6459.453931
6431.421254
6403.750402
6376.43366
6349.463539
6322.83277
6296.534295
6270.561262
6244.907013
6219.565081
6194.529179
6169.793198
6145.351197
6121.197399
6097.326184
6073.732085
6050.409782
6027.354096
6004.559986
5982.022543
5959.736986
5937.698658
5915.903022
5894.345656
5873.02225
5851.928602
5831.060616
5810.414298
5789.98575
5769.771171
5749.766852
5729.969172
5710.374599
5690.979684
5671.781059
5652.775435
5633.9596
5615.330416
5596.884818
5578.61981
5560.532465
5542.619921
5524.87938
5507.308107
5489.903428
5472.662727
5455.583445
5438.663079
5421.89918
5405.28935
5388.831245
5372.522569
5356.361073
5340.344559
5324.47087
5308.737896
5293.143572
5277.685872
5262.362813
5247.172452
5232.112884
5217.182244
5202.378702
5187.700465
5173.145776
5158.71291
5144.400178
5130.205923
5116.128519
5102.166371
5088.317916
5074.581619
5060.955973
5047.439502
5034.030755
5020.728309
5007.530767
4994.436757
4981.444932
4968.553971
4955.762575
4943.069469
4930.473401
4917.97314
4905.567478
4893.255228
4881.035224
4868.906319
4856.867387
4844.917322
4833.055034
4821.279456
4809.589536
4797.984239
4786.462551
4775.023472
4763.66602
4752.389228
4741.192147
4730.073841
4719.033392
4708.069894
4697.182458
4686.370209
4675.632285
4664.967839
4654.376037
4643.856056
4633.40709
4623.028344
4612.719033
4602.478387
4592.305648
4582.200069
4572.160912
4562.187455
4552.278984
4542.434795
4532.654197
4522.936509
4513.281058
4503.687183
4494.154233
4484.681565
4475.268547
4465.914555
4456.618975
4447.381202
4438.200639
4429.076697
4420.008798
4410.99637
4402.038849
4393.135681
4384.286317
4375.490219
4366.746853
4358.055696
4349.41623
4340.827943
4332.290334
4323.802905
4315.365167
4306.976637
4298.636839
4290.345302
4282.101563
4273.905164
4265.755654
4257.652588
4249.595526
4241.584035
4233.617686
4225.696058
4217.818732
4209.985299
4202.195352
4194.448489
4186.744316
4179.082442
4171.462481
4163.884052
4156.346779
4148.850292
4141.394223
4133.978212
4126.601899
4119.264934
4111.966966
4104.707652
4097.486651
4090.303629
4083.158253
4076.050195
4068.979132
4061.944743
4054.946714
4047.984732
4041.058488
4034.167678
4027.312001
4020.491159
4013.704857
4006.952807
4000.23472
3993.550313
3986.899305
3980.281418
3973.69638
3967.143919
3960.623768
3954.135661
3947.679338
3941.254539
3934.861009
3928.498494
3922.166746
3915.865517
3909.594562
3903.353641
3897.142513
3890.960943
3884.808696
3878.685543
3872.591254
3866.525603
3860.488366
3854.479323
3848.498255
3842.544945
3836.619179
3830.720746
3824.849436
3819.005042
3813.187358
3807.396183
3801.631315
3795.892555
3790.179708
3784.492579
3778.830975
3773.194706
3767.583583
3761.997422
3756.436035
3750.899242
3745.386861
3739.898714
3734.434624
3728.994414
3723.577913
3718.184948
3712.815348
3707.468947
3702.145577
3696.845074
3691.567274
3686.312016
3681.079139
3675.868486
3670.679899
3665.513223
3660.368304
3655.24499
3650.143131
3645.062577
3640.003179
3634.964793
3629.947272
3624.950473
3619.974253
3615.018473
3610.082992
3605.167672
3600.272376
3595.396969
3590.541317
3585.705285
3580.888744
3576.091561
3571.313608
3566.554756
3561.814879
3557.093851
3552.391547
3547.707844
3543.04262
3538.395752
3533.767122
3529.15661
3524.564099
3519.989471
3515.432611
3510.893404
3506.371736
3501.867495
3497.38057
3492.910848
3488.458221
3484.022581
3479.603818
3475.201828
3470.816503
3466.447739
3462.095431
3457.759478
3453.439776
3449.136225
3444.848723
3440.577173
3436.321474
3432.081529
3427.857241
3423.648514
3419.455253
3415.277363
3411.11475
3406.967322
3402.834987
3398.717652
3394.615229
3390.527626
3386.454755
3382.396528
3378.352857
3374.323655
3370.308836
3366.308315
3362.322007
3358.349829
3354.391696
3350.447527
3346.517239
3342.600751
3338.697983
3334.808854
3330.933286
3327.0712
3323.222517
3319.387161
3315.565055
3311.756122
3307.960288
3304.177477
3300.407615
3296.650628
3292.906443
3289.174988
3285.45619
3281.749978
3278.056282
3274.375031
3270.706156
3267.049586
3263.405255
3259.773092
3256.153032
3252.545006
3248.948948
3245.364793
3241.792475
3238.231928
3234.683089
3231.145893
3227.620276
3224.106176
3220.60353
3217.112277
3213.632353
3210.163699
3206.706254
3203.259956
3199.824748
3196.400568
3192.987359
3189.585061
3186.193618
3182.81297
3179.443062
3176.083836
3172.735236
3169.397207
3166.069692
3162.752636
3159.445985
3156.149685
3152.863682
3149.587922
3146.322352
3143.066919
3139.821572
3136.586257
3133.360924
3130.145522
3126.939998
3123.744304
3120.558389
3117.382202
3114.215695
3111.058819
3107.911525
3104.773764
3101.645488
3098.526651
3095.417203
3092.317099
3089.226292
3086.144735
3083.072382
3080.009188
3076.955107
3073.910094
3070.874104
3067.847093
3064.829016
3061.81983
3058.819492
3055.827957
3052.845183
3049.871127
3046.905748
3043.949002
3041.000848
3038.061244
3035.130149
3032.207523
3029.293324
3026.387513
3023.490048
3020.60089
3017.72
3014.847337
3011.982864
3009.126541
3006.278329
3003.438191
3000.606088
2997.781982
2994.965836
2992.157612
2989.357274
2986.564785
2983.780107
2981.003205
2978.234043
2975.472584
2972.718793
2969.972635
2967.234074
2964.503075
2961.779604
2959.063626
2956.355107
2953.654013
2950.96031
2948.273964
2945.594941
2942.92321
2940.258736
2937.601487
2934.951429
2932.308532
2929.672763
2927.044089
2924.422479
2921.807901
2919.200324
2916.599717
2914.006049
2911.419289
2908.839406
2906.26637
2903.70015
2901.140718
2898.588042
2896.042093
2893.502841
2890.970258
2888.444315
2885.924981
2883.412229
2880.906029
2878.406355
2875.913176
2873.426465
2870.946194
2868.472336
2866.004862
2863.543746
2861.08896
2858.640477
2856.19827
2853.762313
2851.332578
2848.90904
2846.491671
2844.080447
2841.67534
2839.276325
2836.883377
2834.496469
2832.115578
2829.740676
2827.371739
2825.008743
2822.651662
2820.300472
2817.955149
2815.615667
2813.282003
2810.954133
2808.632033
2806.315679
2804.005046
2801.700113
2799.400855
2797.10725
2794.819273
2792.536902
2790.260115
2787.988888
2785.723199
2783.463025
2781.208344
2778.959135
2776.715374
2774.477039
2772.24411
2770.016564
2767.79438
2765.577536
2763.36601
2761.159782
2758.958831
2756.763135
2754.572674
2752.387427
2750.207372
2748.032491
2745.862761
2743.698164
2741.538678
2739.384284
2737.234961
2735.090691
2732.951452
2730.817226
2728.687992
2726.563732
2724.444426
2722.330055
2720.220599
2718.11604
2716.016359
2713.921537
2711.831555
2709.746395
2707.666038
2705.590466
2703.51966
2701.453602
2699.392275
2697.335659
2695.283738
2693.236493
2691.193906
2689.155961
2687.122638
2685.093922
2683.069794
2681.050238
2679.035236
2677.02477
2675.018825
2673.017383
2671.020427
2669.027941
2667.039907
2665.05631
2663.077133
2661.10236
2659.131973
2657.165958
2655.204297
2653.246975
2651.293976
2649.345284
2647.400882
2645.460757
2643.524891
2641.593269
2639.665876
2637.742696
2635.823714
2633.908915
2631.998283
2630.091804
2628.189462
2626.291243
2624.397131
2622.507112
2620.621172
2618.739294
2616.861466
2614.987672
2613.117898
2611.252129
2609.390352
2607.532552
2605.678715
2603.828827
2601.982873
2600.140841
2598.302716
2596.468484
2594.638132
2592.811646
2590.989012
2589.170217
2587.355247
2585.544089
2583.73673
2581.933156
2580.133355
2578.337312
2576.545016
2574.756453
2572.971609
2571.190473
2569.413032
2567.639271
2565.86918
2564.102745
2562.339954
2560.580794
2558.825253
2557.073318
2555.324977
2553.580218
2551.839029
2550.101397
2548.36731
2546.636757
2544.909725
2543.186202
2541.466177
2539.749637
2538.036572
2536.326968
2534.620815
2532.918102
2531.218815
2529.522945
2527.830479
2526.141406
2524.455715
2522.773395
2521.094434
2519.418821
2517.746546
2516.077596
2514.411961
2512.749631
2511.090593
2509.434838
2507.782354
2506.133131
2504.487158
2502.844425
2501.20492
2499.568633
2497.935554
2496.305672
2494.678977
2493.055458
2491.435106
2489.817909
2488.203857
2486.592942
2484.985151
2483.380475
2481.778905
2480.18043
2478.58504
2476.992725
2475.403475
2473.817281
2472.234133
2470.654021
2469.076935
2467.502866
2465.931804
2464.36374
2462.798663
2461.236565
2459.677436
2458.121267
2456.568049
2455.017771
2453.470425
2451.926002
2450.384492
2448.845886
2447.310175
2445.77735
2444.247403
2442.720323
2441.196103
2439.674732
2438.156203
2436.640506
2435.127633
2433.617575
2432.110323
2430.605869
2429.104204
2427.605318
2426.109205
2424.615854
2423.125259
2421.637409
2420.152297
2418.669915
2417.190254
2415.713305
2414.239061
2412.767513
2411.298653
2409.832473
2408.368965
2406.90812
2405.449931
2403.994389
2402.541487
2401.091216
2399.643569
2398.198537
2396.756114
2395.31629
2393.879059
2392.444411
2391.012341
2389.58284
2388.155899
2386.731513
2385.309673
2383.890371
2382.4736
2381.059352
2379.64762
2378.238397
2376.831675
2375.427447
2374.025705
2372.626441
2371.22965
2369.835323
2368.443453
2367.054033
2365.667056
2364.282515
2362.900402
2361.520711
2360.143434
2358.768564
2357.396095
2356.026019
2354.658329
2353.293019
2351.930082
2350.56951
2349.211298
2347.855437
2346.501922
2345.150745
2343.8019
2342.45538
2341.111179
2339.769289
2338.429705
2337.092419
2335.757425
2334.424717
2333.094288
2331.766131
2330.440241
2329.11661
2327.795232
2326.476101
2325.15921
2323.844554
2322.532125
2321.221918
2319.913926
2318.608144
2317.304564
2316.00318
2314.703987
2313.406979
2312.112148
2310.81949
2309.528998
2308.240666
2306.954488
2305.670457
2304.388569
2303.108817
2301.831195
2300.555698
2299.282319
2298.011052
2296.741892
2295.474833
2294.209868
2292.946994
2291.686202
2290.427489
2289.170848
2287.916273
2286.663759
2285.4133
2284.164891
2282.918526
2281.674199
2280.431905
2279.191638
2277.953393
2276.717165
2275.482947
2274.250735
2273.020523
2271.792305
2270.566076
2269.341832
2268.119565
2266.899272
2265.680947
2264.464585
2263.250179
2262.037726
2260.82722
2259.618655
2258.412027
2257.20733
2256.004559
2254.803709
2253.604776
2252.407753
2251.212635
2250.019419
2248.828098
2247.638668
2246.451123
2245.265459
2244.081671
2242.899754
2241.719702
2240.541512
2239.365177
2238.190694
2237.018057
2235.847262
2234.678303
2233.511177
2232.345877
2231.1824
2230.02074
2228.860893
2227.702855
2226.54662
2225.392184
2224.239542
2223.088689
2221.939621
2220.792334
2219.646822
2218.503082
2217.361108
2216.220896
2215.082441
2213.94574
2212.810787
2211.677578
2210.546108
2209.416374
2208.28837
2207.162093
2206.037537
2204.914699
2203.793574
2202.674158
2201.556446
2200.440434
2199.326118
2198.213494
2197.102557
2195.993303
2194.885727
2193.779826
2192.675595
2191.573031
2190.472128
2189.372883
2188.275291
2187.179349
2186.085052
2184.992397
2183.901378
2182.811993
2181.724236
2180.638104
2179.553594
2178.4707
2177.389418
2176.309746
2175.231678
2174.155212
2173.080342
2172.007065
2170.935377
2169.865274
2168.796752
2167.729808
2166.664437
2165.600636
2164.5384
2163.477726
2162.41861
2161.361049
2160.305038
2159.250573
2158.197652
2157.146269
2156.096422
2155.048107
2154.001319
2152.956056
2151.912313
2150.870088
2149.829375
2148.790172
2147.752474
2146.716279
2145.681583
2144.648381
2143.616671
2142.586449
2141.557711
2140.530454
2139.504674
2138.480367
2137.457531
2136.436161
2135.416254
2134.397807
2133.380815
2132.365277
2131.351187
2130.338544
2129.327343
2128.31758
2127.309253
2126.302358
2125.296892
2124.292851
2123.290232
2122.289032
2121.289247
2120.290874
2119.293909
2118.29835
2117.304193
2116.311434
2115.320071
2114.3301
2113.341518
2112.354322
2111.368508
2110.384073
2109.401014
2107.439012
2106.460062
2105.482475
2104.506249
2103.531379
2102.557863
2101.585698
2100.614881
2099.645407
2098.677276
2097.710482
2096.745024
2095.780897
2094.8181
2093.856629
2092.89648
2091.937652
2090.98014
2090.023943
2089.069056
2088.115477
2087.163203
2085.262558
2084.314181
2083.367097
2082.421303
2081.476796
2080.533574
2079.591633
2078.65097
2077.711583
2076.773469
2075.836624
2074.901047
2073.966734
2073.033682
2072.101888
2070.242065
2069.31403
2068.387242
2067.461699
2066.537397
2065.614334
2064.692507
2063.771913
2062.85255
2061.934415
2061.017505
2060.101817
2059.187349
2057.362061
2056.451236
2055.54162
2054.63321
2053.726003
2052.819997
2051.91519
2051.011578
2050.10916
2049.207931
2048.307891
2046.511363
2045.61487
2044.719554
2043.825414
2042.932445
2042.040646
2041.150015
2040.260548
2039.372243
2038.485097
2036.714275
2035.830593
2034.94806
2034.066675
2033.186434
2032.307335
2031.429376
2030.552553
2029.676866
2027.928885
2027.056587
2026.185413
2025.315363
2024.446432
2023.578619
2022.711921
2021.846336
2020.118496
2019.256236
2018.395079
2017.535023
2016.676066
2015.818206
2014.961439
2014.105765
2012.397681
2011.545268
2010.693937
2009.843686
2008.994514
2008.146417
2007.299393
2005.608558
2004.764741
2003.921988
2003.080298
2002.239668
2001.400095
2000.561578
1998.887702
1998.052338
1997.218021
1996.384749
1995.552518
1994.721328
1993.06206
1992.233978
1991.406927
1990.580905
1989.755911
1988.931942
1987.28707
1986.466164
1985.646274
1984.827399
1984.009537
1983.192685
1981.562003
1980.74817
1979.935339
1979.123508
1978.312675
1977.502838
1975.886143
1975.079282
1974.273409
1973.468521
1972.664618
1971.861696
1970.25879
1969.458802
1968.659788
1967.861746
1967.064673
1965.473431
1964.679256
1963.886044
1963.093793
1962.302499
1960.722779
1959.934349
1959.146869
1958.360338
1957.574754
1956.006418
1955.223662
1954.441846
1953.660967
1952.881024
1951.323936
1950.546788
1949.770568
1948.995274
1948.220904
1946.674931
1945.903323
1945.132633
1944.362857
1943.593995
1942.059005
1941.292872
1940.527646
1939.763324
1938.237386
1937.475767
1936.715045
1935.955219
1935.196287
1933.681096
1932.924835
1932.16946
1931.41497
1929.90864
1929.156795
1928.405829
1927.655739
1926.158183
1925.410712
1924.664112
1923.918379
1922.429511
1921.686373
1920.944096
1920.202678
1918.722416
1917.983568
1917.245573
1916.508429
1915.036689
1914.30209
1913.568336
1912.835425
1911.372127
1910.641736
1909.912182
1909.183464
1907.728527
1907.002305
1906.276911
1905.552346
1904.10569
1903.383597
1902.662325
1901.941872
1900.50342
1899.785417
1899.068227
1897.636282
1896.921523
1896.207571
1895.494426
1894.070545
1893.359808
1892.64987
1891.232387
1890.524839
1889.818085
1889.112123
1887.702571
1886.998977
1886.296169
1884.892908
1884.192451
1883.492774
1882.793876
1881.398413
1880.701844
1880.006048
1878.616771
1877.923287
1877.23057
1875.847434
1875.157012
1874.467352
1873.778452
1872.402929
1871.716303
1871.030432
1869.660949
1868.977335
1868.29447
1866.930983
1866.250358
1865.570478
1864.212944
1863.535287
1862.85837
1861.506745
1860.832035
1860.158059
1858.8123
1858.140516
1857.469459
1856.129525
1855.460645
1854.792488
1853.458336
1852.792339
1852.12706
1850.79865
1850.135515
1849.473094
1848.150383
1847.490091
1846.830507
1845.513455
1844.855986
1844.199218
1842.887785
1842.233118
1841.579147
1840.273294
1839.621408
1838.319713
1837.669901
1837.020778
1835.724594
1835.07753
1834.431149
1833.140436
1832.496101
1831.852445
1830.567165
1829.925539
1828.644309
1828.004703
1827.365767
1826.089904
1825.452974
1824.181112
1823.546177
1822.911905
1821.645345
1821.013054
1820.381421
1819.120126
1818.490461
1817.23309
1816.605383
1815.978325
1814.726156
1814.101043
1812.852752
1812.229572
1811.607035
1810.363883
1809.743266
1808.503945
1807.88524
1807.267168
1806.032926
1805.416752
1804.186296
1803.57201
1802.958352
1801.732913
1801.12113
1799.899432
1799.289514
1798.071538
1797.463477
1796.856033
1795.64299
1795.037389
1793.828024
1793.224258
1792.018552
1791.416611
1790.815277
1789.614422
1789.0149
1787.817662
1787.219945
1786.026305
1785.430382
1784.835056
1783.646187
1783.052643
1781.867331
1781.275561
1780.093788
1779.503784
1778.325533
1777.737284
1776.562537
1775.976037
1775.390117
1774.220015
1773.635832
1772.469194
1771.886738
1770.723547
1770.14281
1768.983049
1768.404023
1767.247675
1766.670352
1765.5174
1764.941771
1763.792199
1763.218255
1762.072047
1761.49978
1760.928071
1759.786322
1759.21628
1758.077855
1757.509472
1756.374357
1755.807624
1754.675802
1754.110712
1752.982167
1752.418711
1751.293428
1750.731599
1749.609562
1749.049352
1747.930545
1747.371947
1746.256355
1745.69936
1744.586967
1744.031568
1742.922359
1742.368548
1741.262509
1740.710278
1739.607393
1738.506602
1737.956989
1736.859327
1736.311276
1735.216728
1734.670229
1733.578781
1733.033829
1731.945466
1731.402053
1730.31676
1729.774878
1728.692641
1728.152284
1727.073089
1725.995914
1725.458082
1724.383925
1723.847598
1722.776445
1722.241617
1721.173454
1720.640117
1719.57493
1719.043078
1717.980854
1716.920596
1716.391204
1715.333886
1714.80596
1713.751568
1713.225101
1712.173622
1711.124077
1710.600028
1709.553374
1709.030766
1707.986989
1707.465817
1706.424903
1705.385892
1704.867097
1703.830928
1703.313551
1702.280211
1701.764246
1700.733722
1699.705069
1699.191442
1698.165583
1697.653351
1696.630275
1695.609047
1695.099125
1694.080659
1693.572114
1692.556397
1691.542506
1691.036243
1690.025081
1689.52018
1688.511734
1687.505092
1687.002446
1685.998501
1684.996346
1684.495939
1683.49646
1682.997388
1682.000574
1681.00553
1680.50867
1679.51627
1678.525627
1678.030963
1677.042945
1676.549591
1675.564187
1674.580519
1674.089335
1673.108261
1672.128911
1671.639881
1670.663107
1669.688044
1669.201152
1668.228645
1667.257837
1666.773068
1665.804799
1664.838215
1664.355554
1663.39149
1662.4291
1661.948532
1660.988644
1660.030418
1659.551926
1658.596184
1657.642091
1657.165662
1656.214036
1655.264047
1654.789666
1653.842126
1652.896212
1652.423864
1651.480381
1650.538513
1650.068184
1649.128729
1648.190878
1647.722552
1646.787098
1645.853235
1644.92096
1644.455417
1643.525515
1642.597189
1642.133615
1641.207645
1640.283241
1639.821624
1638.899559
1637.979048
1637.060087
1636.601186
1635.684542
1634.769436
1634.312459
1633.399654
1632.488378
1631.578625
1631.124319
1630.216845
1629.310884
1628.406432
1627.954771
1627.052575
1626.151878
1625.252676
1624.803635
1623.906667
1623.011183
1622.563997
1621.670732
1620.778942
1619.888622
1618.999768
1618.55589
1617.669227
1616.784021
1615.900267
1615.458933
1614.577349
1613.697208
1612.818505
1612.379692
1611.503139
1610.628015
1609.754316
1609.317999
1608.446429
1607.576274
1606.707531
1605.840195
1605.407053
1604.541821
1603.677987
1602.815547
1601.954498
1601.524493
1600.665523
1599.807933
1598.951721
1598.52413
1597.669977
1596.817192
1595.965772
1595.115713
1594.267011
1593.843169
1592.996496
1592.151172
1591.307193
1590.464555
1590.043737
1589.203104
1588.363804
1587.525832
1586.689186
1585.853862
1585.436694
1584.603346
1583.771311
1582.940586
1582.111167
1581.283051
1580.869481
1580.043313
1579.218439
1578.394857
1577.572562
1576.751551
1576.341526
1575.522436
1574.704622
1573.88808
1573.072808
1572.258802
1571.446058
1571.040159
1570.229304
1569.419704
1568.611355
1567.804254
1566.998398
1566.193784
1565.390409
1564.989185
1564.187662
1563.387369
1562.588304
1561.790464
1560.993845
1560.198444
1559.404258
1559.00762
1558.215251
1557.424089
1556.634132
1555.845376
1555.057819
1554.271456
1553.486286
1552.702305
1551.91951
1551.137899
1550.747536
1549.967693
1549.189027
1548.411533
1547.635209
1546.860052
1546.086059
1545.313228
1544.541554
1543.771036
1543.00167
1542.233454
1541.466385
1541.083279
1540.317925
1539.55371
1538.790632
1538.028687
1537.267874
1536.50819
1535.749631
1534.992194
1534.235878
1533.480679
1532.726595
1531.973623
1531.221759
1530.471002
1529.721349
1528.972796
1528.225342
1527.478983
1526.733718
1525.989542
1525.246454
1524.504451
1524.133856
1523.393475
1522.654173
1521.915946
1521.178793
1520.44271
1519.707696
1518.973746
1518.240859
1517.509033
1516.778264
1516.048551
1515.31989
1514.592279
1513.865715
1513.140197
1512.415721
1511.692286
1510.969887
1510.248524
1509.528194
1508.449629
1507.731869
1507.015134
1506.29942
1505.584725
1504.871047
1504.158383
1503.446731
1502.736089
1502.026454
1501.317824
1500.610196
1499.903568
1499.197938
1498.493303
1497.789662
1497.087011
1496.385348
1495.684672
1494.984979
1494.286268
1493.588536
1492.891781
1491.848475
1491.154152
1490.460798
1489.76841
1489.076988
1488.386527
1487.697026
1487.008484
1486.320896
1485.634262
1484.948579
1484.263845
1483.580058
1482.556148
1481.874718
1481.194228
1480.514674
1479.836055
1479.158369
1478.481614
1477.805787
1477.130886
1476.45691
1475.447673
1474.775998
1474.10524
1473.435397
1472.766466
1472.098446
1471.431334
1470.765129
1469.767517
1469.103569
1468.440521
1467.77837
1467.117115
1466.456752
1465.797281
1465.138699
1464.15249
1463.496123
1462.840638
1462.186033
1461.532307
1460.879457
1459.901822
1459.251154
1458.601357
1457.952427
1457.304363
1456.657162
1455.687977
1455.042928
1454.398736
1453.755399
1453.112915
1452.471283
1451.510428
1450.870916
1450.232249
1449.594426
1448.957443
1448.003543
1447.368655
1446.734602
1446.101382
1445.468994
1444.837434
1443.891646
1443.262152
1442.633481
1442.005631
1441.065392
1440.439587
1439.814597
1439.19042
1438.567055
1437.633525
1437.01218
1436.391641
1435.771906
1434.843806
1434.226072
1433.609135
1432.992994
1432.070271
1431.456113
1430.842744
1430.230163
1429.618369
1428.702149
1428.092313
1427.483259
1426.571136
1425.964026
1425.35769
1424.752128
1423.84523
1423.241593
1422.638724
1422.03662
1421.134897
1420.534701
1419.935265
1419.037533
1418.439991
1417.843203
1417.247168
1416.354524
1415.760365
1415.166953
1414.278233
1413.686683
1413.095875
1412.505807
1411.622091
1411.033868
1410.44638
1409.566523
1408.980865
1408.395938
1407.519912
1406.936802
1406.354417
1405.482195
1404.901614
1404.321753
1403.453306
1402.875236
1402.297881
1401.433183
1400.857606
1400.282738
1399.421762
1398.84866
1398.276262
1397.418981
1396.848337
1396.278391
1395.424779
1394.856574
1394.005567
1393.439094
1392.873312
1392.025929
1391.461866
1390.898489
1390.054705
1389.493035
1388.651806
1388.091836
1387.532542
1386.694869
1386.137262
1385.580328
1384.746185
1384.190926
1383.35929
1382.805698
1382.25277
1381.424622
1380.873349
1380.047678
1379.498052
1378.674845
1378.126858
1377.579525
1376.759747
1376.214041
1375.396698
1374.852611
1374.037691
1373.495216
1372.953383
1372.141836
1371.601603
1370.79245
1370.25381
1369.44704
1368.909984
1368.105585
1367.570106
1367.035256
1366.234157
1365.700873
1364.902117
1364.370392
1363.573968
1363.043794
1362.249691
1361.72106
1360.929266
1360.402171
1359.612675
1359.087109
1358.2999
1357.775855
1356.990923
1356.468391
1355.685724
1355.164699
1354.384286
1353.86476
1353.086591
1352.568557
1351.792621
1351.276072
1350.502358
1349.987287
1349.215785
1348.702185
1347.932883
1347.420747
1346.653636
1346.142957
1345.378026
1344.614399
1344.106036
1343.344573
1342.837649
1342.078339
1341.572848
1340.815682
1340.311616
1339.556583
1338.802825
1338.301027
1337.549386
1337.048996
1336.299463
1335.800475
1335.05304
1334.306858
1333.810099
1333.066
1332.570625
1331.828599
1331.087811
1330.594639
1329.855908
1329.364104
1328.627421
1327.891962
1327.402334
1326.668907
1326.180631
1325.449228
1324.719034
1324.232908
1323.504722
1323.019933
1322.293746
1321.568755
1321.086089
1320.363083
1319.641262
1319.160706
1318.440856
1317.722184
1317.243721
1316.527005
1315.811457
1315.335074
1314.621468
1313.909024
1313.434704
1312.724187
1312.014822
1311.542551
1310.835101
1310.128794
1309.658558
1308.954151
1308.250881
1307.782664
1307.08128
1306.381024
1305.914812
1305.21643
1304.519167
1304.054946
1303.359543
1302.665252
1301.97207
1301.510563
1300.819222
1300.128983
1299.669434
1298.981024
1298.293707
1297.60748
1297.1506
1296.466184
1295.782852
1295.100599
1294.646362
1293.965903
1293.286517
1292.608199
1292.156581
1291.48004
1290.804562
1290.130143
1289.681117
1289.008457
1288.33685
1287.666291
1287.219834
1286.551019
1285.883245
1285.216511
1284.550813
1284.107589
1283.443613
1282.780667
1282.118748
1281.457852
1281.017823
1280.358629
1279.700452
1279.043289
1278.387139
1277.950266
1277.295796
1276.642332
1275.98987
1275.338408
1274.687943
1274.254852
1273.606044
1272.958227
1272.311397
1271.665554
1271.020693
1270.591331
1269.948103
1269.305852
1268.664575
1268.024269
1267.384932
1266.746562
1266.321518
1265.684754
1265.04895
1264.414103
1263.780212
1263.147275
1262.515287
1261.884248
1261.254155
1260.834617
1260.206095
1259.578512
1258.951867
1258.326156
1257.701379
1257.077531
1256.454611
1255.832617
1255.211547
1254.798012
1254.178475
1253.559856
1252.942151
1252.32536
1251.709479
1251.094506
1250.480439
1249.867277
1249.255016
1248.643654
1248.033189
1247.42362
1246.814943
1246.207158
1245.60026
1244.994249
1244.389122
1243.784878
1243.181513
1242.779757
1242.177854
1241.576825
1240.976669
1240.377382
1239.778963
1239.18141
1238.584721
1237.988893
1237.393925
1236.799815
1236.206559
1235.614158
1235.022608
1234.431907
1233.842053
1233.056896
1232.469011
1231.881968
1231.295762
1230.710393
1230.125859
1229.542158
1228.959287
1228.377245
1227.796029
1227.215638
1226.63607
1226.057323
1225.479395
1224.902284
1224.325988
1223.750505
1223.175833
1222.601971
1221.838077
1221.266096
1220.694918
1220.124541
1219.554963
1218.986183
1218.418198
1217.851007
1217.284608
1216.718999
1216.154178
1215.402307
1214.839318
1214.277111
1213.715685
1213.155037
1212.595166
1212.03607
1211.477747
1210.734516
1210.17799
1209.622231
1209.067238
1208.513008
1207.95954
1207.406833
1206.671069
1206.120129
1205.569943
1205.02051
1204.471828
1203.923895
1203.194481
1202.64829
1202.102842
1201.558137
1201.014172
1200.290034
1199.747789
1199.20628
1198.665503
1198.125458
1197.406532
1196.868188
1196.330569
1195.793674
1195.257502
1194.543727
1194.009235
1193.47546
1192.942401
1192.232766
1191.701371
1191.170686
1190.64071
1189.935175
1189.406847
1188.879222
1188.352299
1187.650825
1187.125534
1186.60094
1186.077042
1185.379589
1184.857307
1184.335715
1183.814812
1183.121343
1182.602041
1182.083422
1181.392992
1180.875963
1180.359613
1179.672199
1179.157426
1178.643327
1178.129901
1177.446375
1176.934512
1176.423316
1175.742757
1175.233113
1174.724131
1174.046517
1173.539076
1173.032293
1172.357602
1171.852349
1171.347748
1170.675961
1170.172879
1169.503111
1169.00154
1168.500614
1167.833714
1167.334288
1166.835503
1166.17145
1165.674155
1165.012083
1164.516269
1164.021089
1163.36183
1162.868121
1162.21082
1161.718576
1161.226956
1160.572435
1160.082269
1159.429682
1158.940963
1158.452863
1157.803021
1157.316358
1156.668427
1156.183194
1155.537165
1155.053354
1154.409217
1153.926822
1153.445031
1152.803582
1152.323198
1151.683619
1151.204633
1150.566915
1150.089322
1149.453456
1148.977249
1148.343226
1147.868397
1147.236209
1146.762752
1146.132389
1145.660299
1145.031752
1144.561021
1143.934282
1143.464903
1142.839964
1142.371931
1141.748782
1141.28209
1140.660723
1140.195363
1139.57577
1139.111738
1138.49391
1137.877087
1137.415127
1136.800056
1136.339408
1135.726081
1135.266737
1134.655145
1134.044542
1133.587236
1132.978355
1132.522339
1131.915173
1131.460439
1130.854979
1130.250492
1129.797762
1129.194968
1128.743506
1128.142399
1127.542252
1127.09277
1126.494297
1125.896776
1125.44926
1124.853401
1124.407129
1123.812924
1123.219662
1122.775331
1122.18371
1121.593025
1121.150623
1120.561567
1119.97344
1119.532952
1118.946444
1118.360856
1117.922269
1117.338289
1116.755224
1116.318524
1115.737054
1115.156492
1114.576836
1114.142688
1113.564612
1112.987436
1112.555143
1111.979535
1111.404821
1110.830997
1110.401213
1109.828943
1109.257557
1108.829598
1108.259755
1107.69079
1107.122702
1106.697209
1106.130648
1105.564957
1105.000134
1104.436176
1104.013775
1103.451326
1102.889737
1102.329006
1101.909018
1101.349781
1100.791396
1100.233859
1099.67717
1099.260207
1098.704995
1098.150624
1097.597091
1097.044396
1096.492535
1096.079186
1095.528781
1094.979205
1094.430456
1093.882532
1093.33543
1092.925643
1092.379976
1091.835127
1091.291093
1090.747871
1090.205461
1089.66386
1089.258189
1088.717999
1088.178612
1087.640027
1087.102242
1086.565254
1086.029062
1085.493663
1084.959056
1084.425239
1084.025393
1083.492953
1082.961298
1082.430425
1081.900332
1081.371019
1080.842482
1080.31472
1079.787731
1079.261513
1078.736064
1078.211383
1077.687467
1077.164314
1076.641924
1076.120293
1075.599421
1075.079304
1074.559942
1074.041333
1073.652869
1073.135572
1072.619023
1072.10322
1071.588161
1071.073844
1070.431989
1069.919335
1069.407418
1068.896236
1068.385787
1067.876068
1067.36708
1066.858819
1066.351284
1065.844473
1065.338385
1064.833018
1064.32837
1063.824439
1063.321224
1062.818723
1062.316934
1061.815856
1061.315487
1060.815825
1060.19224
1059.694164
1059.19679
1058.700116
1058.20414
1057.708861
1057.214278
1056.720389
1056.227192
1055.611666
1055.12002
1054.629061
1054.138787
1053.649197
1053.160289
1052.672062
1052.062732
1051.57603
1051.090004
1050.604651
1050.119971
1049.635961
1049.03189
1048.549384
1048.067544
1047.586368
1047.105855
1046.506143
1046.027115
1045.548745
1045.071031
1044.593972
1043.998567
1043.522976
1043.048035
1042.573742
1041.981786
1041.508947
1041.036751
1040.565198
1040.094286
1039.506544
1039.037068
1038.568228
1037.983071
1037.515657
1037.048875
1036.582722
1036.000915
1035.536175
1035.072061
1034.492795
1034.030082
1033.56799
1033.106518
1032.530547
1032.070464
1031.610995
1031.037523
1030.579433
1030.121954
1029.550962
1029.094852
1028.639348
1028.070819
1027.616674
1027.163131
1026.597047
1026.144854
1025.580452
1025.129601
1024.679345
1024.117358
1023.668435
1023.108111
1022.660515
1022.213505
1021.655568
1021.209876
1020.653581
1020.2092
1019.765399
1019.211462
1018.768963
1018.216649
1017.775444
1017.224745
1016.78483
1016.345485
1015.797104
1015.359039
1014.812255
1014.375463
1013.830267
1013.394743
1012.851127
1012.416864
1011.874821
1011.441813
1010.901335
1010.469577
1009.930657
1009.500141
1008.962771
1008.533493
1007.997666
1007.569619
1007.035328
1006.608506
1006.075743
1005.650141
1005.118898
1004.588498
1004.164781
1003.63589
1003.213379
1002.68599
1002.264678
1001.738785
1001.21372
1000.794262
1000.270681
999.8524074
999.3303038
998.809018
998.3925768
997.8727578
997.4574872
996.939128
996.4215769
996.0081164
995.4920146
994.9767149
994.5650515
994.0511906
993.5381262
993.1282468
992.6166108
992.1057655
991.6976572
991.1882301
990.6795879
990.2732381
989.766004
989.2595492
988.8549452
988.3498884
987.8456054
987.3420943
986.9398398
986.437713
985.9363527
985.4357568
985.0358291
984.5366043
984.0381385
983.5404297
983.1428066
982.6464558
982.1508568
981.6560076
981.2606669
980.7671627
980.2744031
979.7823862
979.3893062
978.8986215
978.4086743
977.9194628
977.4309851
976.9432394
976.5535686
976.0671359
975.5814301
975.0964494
974.612192
974.1286561
973.7423456
973.2601039
972.7785786
972.2977681
971.8176705
971.3382842
970.8596073
970.4771754
969.9997711
969.5230713
969.0470744
968.5717786
968.0971822
967.6232835
967.1500808
966.6775723
966.2057564
965.7346314
965.2641956
964.888342
964.4191425
963.9506276
963.4827955
963.0156446
962.5491732
962.0833798
961.6182626
961.15382
960.6900504
960.2269522
959.7645238
959.3027635
958.8416697
958.3812409
957.9214754
957.4623716
957.003928
956.546143
956.089015
955.6325425
955.1767238
954.7215574
954.2670418
953.8131754
953.2693905
952.8169469
952.3651476
951.9139911
951.4634758
951.0136003
950.5643629
950.1157623
949.6677968
949.2204651
948.7737656
948.2385585
947.7932446
947.3485582
946.9044978
946.4610619
946.018249
945.5760578
945.1344867
944.605418
944.1652062
943.7256099
943.2866277
942.8482583
942.4105
941.885995
941.4495765
941.0137648
940.5785584
940.1439559
939.6232282
939.1899494
938.7572702
938.325189
937.8074791
937.376709
936.9465325
936.5169484
936.0879552
935.5739416
935.1462439
934.7191329
934.2073721
933.781547
933.3563044
932.9316428
932.422814
931.9994261
931.5766151
931.0700014
930.6484549
930.2274811
929.7230666
929.3033481
928.8841982
928.3819669
927.9640633
927.5467242
927.0466605
926.6305587
926.2150174
925.7171057
925.3027929
924.8890364
924.3932614
923.9807247
923.4864098
923.0750869
922.6643137
922.1721098
921.7625417
921.2717804
920.8634116
920.455586
919.9669105
919.5602757
919.0730256
918.6675758
918.1817443
917.7774737
917.2930539
916.8899568
916.4069418
916.0050126
915.5233957
915.1226288
914.6424032
914.2427929
913.763952
913.3654928
912.88803
912.4907164
912.0146249
911.6184514
911.1437249
910.7486861
910.2753178
909.8814083
909.409392
909.0166063
908.5459355
908.0759959
907.6849367
907.2163327
906.8263839
906.3591092
905.892557
905.504314
905.0390814
904.6519355
904.1880164
903.7248111
903.3393506
902.8774492
902.4162564
902.0324692
901.572571
901.1133763
900.7312502
900.2733407
899.8161297
899.4356528
898.9797177
898.5244762
898.1456367
897.6916619
897.2383757
896.7857763
896.4091334
895.9577886
895.5071256
895.1320928
894.6826756
894.2339354
893.7858705
893.4129978
892.9661667
892.5200061
892.0745145
891.62969
891.2595115
890.815906
890.372963
889.930681
889.4890581
889.1215415
888.681123
888.2413592
887.8022483
887.3637888
886.9259792
886.561633
886.1250104
885.689033
885.2536994
884.8190078
884.3849567
883.9515445
883.5187698
883.1586099
882.7269995
882.2960222
881.8656762
881.4359602
881.0068725
880.5784116
880.1505759
879.7233641
879.2967745
878.8708057
878.4454561
878.0207242
877.5966086
877.1731078
876.7502202
876.3279444
875.906279
875.4852224
875.0647733
874.64493
874.2256913
873.8070556
873.3890215
872.9715875
872.5547522
872.1385143
871.7228722
871.3078245
870.8933699
870.4795069
870.0662341
869.6535501
869.2414535
868.829943
868.3505862
867.9403406
867.5306767
867.121593
866.7130882
866.305161
865.89781
865.4910338
865.0171863
864.6116509
864.2066861
863.8022905
863.3984628
862.9952017
862.5254448
862.1234067
861.721931
861.3210164
860.9206616
860.4542868
860.0551404
859.6565496
859.2585133
858.86103
858.3979969
858.0017077
857.6059675
857.2107752
856.7504081
856.3563983
855.9629323
855.5045743
855.1122823
854.7205302
854.3293167
853.8735801
853.4835295
853.0940136
852.6402526
852.2518911
851.8640605
851.4122609
851.0255764
850.6394191
850.1895667
849.8045472
849.3560192
848.9721321
848.5887657
848.1421616
847.7599194
847.3146237
846.9335004
846.5528915
846.1094967
845.7299987
845.2878966
844.9095041
844.4686886
844.0913961
843.7146096
843.2756632
842.899969
842.4622939
842.0876868
841.6512769
841.2777515
840.8426007
840.470152
840.0362543
839.664877
839.2322264
838.8002447
838.4305059
837.9997621
837.6310818
837.20157
836.8339432
836.4056575
836.0390792
835.6120139
835.1856032
834.8206282
834.3954291
834.03149
833.6074965
833.1841499
832.821795
832.3996454
831.9781379
831.6173558
831.1970367
830.7773552
830.4181344
829.9996326
829.5817639
829.2240932
828.8073958
828.3913268
828.0351952
827.6202891
827.206007
826.7923472
826.4382759
826.0257679
825.6138779
825.2026042
824.8505734
824.4404405
824.0309196
823.6220092
823.2719994
822.8642188
822.4570444
822.0504748
821.6445083
821.2391436
820.8921659
820.4879148
820.0842611
819.6812034
819.2787403
818.8768703
818.5328813
818.1321089
817.7319255
817.3323296
816.9333197
816.5348945
816.1370526
815.7397924
815.3431126
814.9470118
814.6079566
814.2129273
813.818473
813.4245923
813.0312837
812.6385459
812.2463776
811.8547773
811.4637437
811.0732754
810.6833711
810.2940293
809.9052489
809.5170283
809.1293662
808.7422614
808.3557125
807.9697181
807.584277
807.1993878
806.7601886
806.3764776
805.9933144
805.6106978
805.2286263
804.8470987
804.4661138
804.0856701
803.7057666
803.3264018
802.8935001
802.5152855
802.1376057
801.7604595
801.3838455
801.0077626
800.5786021
800.2036529
799.8292308
799.4553346
799.0819631
798.6558936
798.2836422
797.9119116
797.5407006
797.1700081
796.7469927
796.3774069
796.0083358
795.5871688
795.2191964
794.8517349
794.4847832
794.0660323
793.7001688
793.3348114
792.9178781
792.553601
792.1898263
791.7746975
791.4119955
791.0497922
790.6364548
790.2753165
789.9146733
789.5031146
789.1435287
788.7331754
788.3746418
788.0165973
787.6080013
787.2510016
786.8435966
786.4876364
786.0814166
785.726491
785.3720465
784.9675547
784.6141374
784.2108167
783.8584217
783.4562666
783.1048889
782.7038937
782.3535286
781.9536877
781.6043302
781.2056381
780.8075565
780.4597347
780.0627935
779.7159672
779.320161
778.9743254
778.5796488
778.1855725
777.8412469
777.448292
777.1049453
776.7131065
776.3218607
775.980006
775.5898682
775.2003193
774.8599458
774.4714968
774.0836325
773.7447295
773.3579573
772.9717654
772.6343225
772.2492149
771.8646835
771.4807269
771.1452353
770.7623526
770.3800405
769.9982978
769.6647387
769.2840595
768.9039455
768.5243954
768.1927504
767.8142537
767.4363169
767.0589384
766.6821171
766.3058515
765.9770739
765.6018466
765.2271711
764.853046
764.4794701
764.1064419
763.7339602
763.3620236
763.0370251
762.666107
762.2957302
761.9258933
761.5565951
761.1878343
760.8196095
760.4519195
760.084763
759.7181387
759.3520453
758.9864815
758.621446
758.2569376
757.892955
757.529497
757.1665623
756.8041496
756.4422577
756.0808853
755.7200312
755.3596942
754.999873
754.6405664
754.2817731
753.8787429
753.5210365
753.1638398
752.8071513
752.4509701
752.0952948
751.7401242
751.3854573
750.9870574
750.6334565
750.2803556
749.9277533
749.5756486
749.2240402
748.8290726
748.4785151
748.1284503
747.7788771
747.3861934
747.037661
746.6896165
746.342059
745.9516372
745.6051105
745.259067
744.9135058
744.5253244
744.1807842
743.8367226
743.4502243
743.1071763
742.7646037
742.3797762
742.0382099
741.6971154
741.3139468
740.9738515
740.5918041
740.252703
739.9140681
739.5336598
739.196012
738.8167115
738.4800461
738.1018481
737.7661603
737.4309309
737.0543445
736.7200858
736.3445887
736.011296
735.6368831
735.3045518
734.9312178
734.5998432
734.227583
733.8558892
733.525969
733.1553411
732.8263661
732.4567991
732.1287649
731.7602536
731.3922992
731.0656951
730.6987889
730.3731142
730.0072512
729.6419384
729.3176767
728.9533996
728.5896687
728.26681
727.9041073
727.541947
727.220481
726.8593415
726.4987405
726.1386767
725.8190698
725.4600169
725.1014974
724.7435099
724.4257443
724.068758
723.7123
723.3563689
723.0009634
722.6854877
722.3310715
721.9771772
721.6238036
721.2709493
720.918613
720.6058592
720.2544981
719.9036514
719.5533179
719.2034963
718.8541854
718.5053839
718.1570907
717.8093044
717.4620239
717.1152479
716.8074251
716.4615987
716.1162733
715.7714478
715.4271208
715.0832912
714.7399578
714.3971195
714.0547749
713.712923
713.3336639
712.9928481
712.6525213
712.3126823
711.9733299
711.634463
711.2960805
710.9581811
710.6207638
710.2838274
709.9473706
709.5740911
709.2386435
708.9036721
708.5691757
708.2351534
707.9016039
707.5315465
707.1989916
706.8669061
706.5352889
706.2041389
705.8367411
705.5065738
705.1768703
704.8476295
704.4823478
704.1540803
703.8262722
703.4625784
703.1357366
702.8093508
702.4472335
702.1218069
701.7968332
701.436281
701.1122597
700.7886879
700.4296896
700.1070633
699.7848834
699.4274278
699.1061867
698.7497717
698.4294648
698.0740855
697.7547083
697.4003595
697.0819076
696.7638924
696.4110533
696.0939568
695.7421359
695.3908491
695.0751464
694.7248704
694.4100752
694.0608053
693.7469135
693.3986447
693.0856519
692.7383796
692.3916299
692.0800009
691.7342404
691.4234996
691.0787237
690.734464
690.4250708
690.0817886
689.7390191
689.4309636
689.0891645
688.7478742
688.4411471
688.1008203
687.7609987
687.4216812
687.1167254
686.778362
686.4404991
686.1031354
685.7662697
685.4635152
685.1275922
684.7921636
684.4572283
684.1227849
683.8222056
683.4886937
683.1556704
682.8231344
682.4910845
682.1595196
681.8284385
681.49784
681.167723
680.8710283
680.5418228
680.2130954
679.8848449
679.5570701
679.22977
678.9029433
678.5765889
678.2507058
677.9252927
677.6003485
677.2758722
676.9518626
676.6283185
676.3052388
675.9503864
675.6282785
675.3066317
674.9854448
674.6647167
674.3444464
674.0246327
673.7052747
673.3863711
673.0361008
672.7181482
672.4006467
672.0835953
671.766993
671.4192478
671.103585
670.788368
670.4735958
670.1278587
669.8140169
669.5006167
669.1876569
668.8439086
668.5318705
668.2202696
667.8780125
667.5673266
667.2570748
666.9162981
666.6069547
666.2980424
665.9587354
665.650725
665.3431424
665.0052947
664.6986075
664.3617424
664.0559464
663.720059
663.4151498
663.0802356
662.7762088
662.442263
662.1391146
661.8061325
661.5038581
661.1718352
660.8704307
660.5393623
660.2388235
659.9087051
659.6090278
659.2798549
658.9511754
658.6528031
658.3250622
658.0275411
657.7007344
657.3744153
657.0781836
656.7527918
656.4278841
656.1329325
655.8089456
655.4854392
655.1624121
654.8691662
654.5470511
654.2254119
653.9042475
653.6126909
653.2924297
652.9726399
652.6533203
652.3344698
652.0450118
651.7270537
651.4095613
651.0925336
650.7759693
650.4598674
650.1442268
649.8576801
649.542917
649.2286118
648.9147635
648.601371
648.2884332
647.975949
647.6639173
647.352337
647.041207
646.7305262
646.4202936
646.110508
645.8011685
645.4922739
645.1838231
644.8758152
644.568249
644.2611236
643.926579
643.6203715
643.3146016
643.0092681
642.7043699
642.3999061
642.0958756
641.764699
641.4615713
641.1588737
640.8566052
640.5547649
640.2259717
639.9250233
639.6244999
639.3244005
638.9975019
638.6982859
638.3994909
638.0740116
637.7760936
637.4785935
637.1545235
636.857894
636.5616796
636.2390086
635.9436585
635.6487204
635.3274384
635.0333585
634.7130105
634.4197847
634.1003662
633.8079904
633.4894969
633.197967
632.9068401
632.5897059
632.273049
631.9831986
631.6674535
631.3784369
631.0635991
630.7754122
630.4614775
630.1741164
629.8610804
629.5485116
629.2623997
628.9507231
628.6395103
628.3546385
628.0443115
627.734445
627.4508043
627.1418173
626.8332874
626.550869
626.2432123
625.9360094
625.6292594
625.3484687
625.0425834
624.7371476
624.4321604
624.1276205
623.848851
623.5451655
623.2419242
622.9391261
622.6367699
622.3348547
622.0333795
621.732343
621.4317443
621.1565792
620.8568166
620.5574887
620.2585944
619.9601327
619.6621026
619.3645029
619.0673328
618.770591
618.4742767
618.1783888
617.8583236
617.5633207
617.2687411
616.9745837
616.6808475
616.3875316
616.0946349
615.8021565
615.5100953
615.1941653
614.9029702
614.6121892
614.3218215
614.031866
613.7182117
613.4291119
613.1404213
612.8521391
612.5402929
612.2528582
611.9658288
611.6792038
611.3691485
611.0833629
610.7979787
610.4892645
610.2047137
609.8969002
609.6131787
609.3298539
609.0233652
608.7408638
608.435265
608.153583
607.8488697
607.5680032
607.2641712
606.9841162
606.6811613
606.401914
606.0998319
605.8213883
605.5201749
605.2425312
604.9421823
604.6653347
604.3658462
604.0668035
603.7911587
603.4929701
603.1952241
602.9207735
602.6238755
602.3274168
602.0541518
601.7585351
601.4633546
601.1686093
600.8969219
600.6030105
600.309531
600.0164825
599.7463579
599.4541353
599.1623406
598.8709728
598.5800309
598.2895137
598.0217202
597.732017
597.4427357
597.1538751
596.8654343
596.5774123
596.2898079
596.0026203
595.7158484
595.4294912
595.1435477
594.8580169
594.5728979
594.2881896
594.0038911
593.7200013
593.4365194
593.1534442
592.870775
592.5668147
592.2849852
592.0035586
591.722534
591.4419103
591.1616867
590.8818621
590.5809577
590.3019589
590.0233563
589.745149
589.445982
589.1685925
588.8915954
588.6149897
588.3175434
588.0417478
587.7663408
587.4701823
587.1955795
586.9213626
586.6264826
586.3530641
586.0590419
585.786418
585.4932494
585.2214163
584.9499626
584.6580511
584.3873825
584.0963145
583.8264272
583.5361986
583.267089
582.9776958
582.6887342
582.4207982
582.1326659
581.8654982
581.5781913
581.2913109
581.0253028
580.7392417
580.4536041
580.1887472
579.9039231
579.6195193
579.3558054
579.0722093
578.7890304
578.5062679
578.2440745
577.9621118
577.6805625
577.3994255
577.1186998
576.8583933
576.5784579
576.2989309
576.0198113
575.7410981
575.4627903
575.1848869
574.907387
574.6302895
574.3535936
574.0772982
573.8014023
573.5259051
573.2508055
572.9761026
572.7017954
572.427883
572.1543645
571.8812389
571.6085052
571.3361626
571.0642101
570.7926467
570.5214716
570.2313567
569.9609828
569.6909944
569.4213905
569.1521702
568.8641444
568.5957158
568.327668
568.0600001
567.7736336
567.5067498
567.2402431
566.9551179
566.6893897
566.424036
566.1401429
565.8755621
565.5924951
565.3286834
565.0652416
564.7833921
564.520714
564.2396807
563.9777625
563.6975415
563.4363796
563.1569669
562.8965576
562.6179495
562.3582892
562.0804817
561.8030868
561.5445562
561.2679561
561.0101657
560.7343566
560.4589553
560.202281
559.927665
559.6534538
559.3796463
559.1244561
558.8514264
558.5787977
558.3065688
558.0528484
557.7813899
557.5103284
557.239663
556.9693927
556.6995166
556.4479869
556.1788701
555.9101446
555.6418095
555.3738639
555.1063069
554.8391374
554.5723545
554.3059574
554.0399451
553.7743166
553.5090711
553.2442076
552.9797253
552.7156231
552.4519002
552.1885557
551.908071
551.6455056
551.3833159
551.1215009
550.8600597
550.5989915
550.3209289
550.0606286
549.8006986
549.541138
549.2646794
549.0058794
548.7474461
548.4893786
548.2145089
547.9571947
547.7002437
547.4265621
547.170359
546.8974732
546.6420145
546.3869146
546.1152027
545.8608418
545.5899161
545.3362907
545.0661476
544.813254
544.5438897
544.2917245
544.0231353
543.7549447
543.5038771
543.236456
542.9861081
542.7194527
542.4531912
542.2039278
541.9384265
541.6733163
541.408596
541.1607741
540.8968068
540.6332268
540.370033
540.1236388
539.8611908
539.5991263
539.3374444
539.0761442
538.8152247
538.5709577
538.3107733
538.0509669
537.7915376
537.5324846
537.2738069
537.0155035
536.7575737
536.5000165
536.242831
535.9860162
535.7295715
535.4734957
535.2177881
534.9624478
534.6915502
534.4369646
534.1827436
533.9288863
533.6753919
533.4222595
533.153702
532.9013135
532.6492844
532.3976138
532.1306057
531.8796719
531.629094
531.3788712
531.1133976
530.8639045
530.614764
530.3504375
530.1020215
529.8384629
529.5907679
529.3279735
529.080996
528.8343651
528.5726987
528.3267802
528.0658689
527.8053452
527.5604995
527.3007254
527.0565836
526.7975555
526.5541142
526.2958286
526.0379241
525.7955377
525.5383704
525.2815813
525.0251697
524.7841851
524.5285036
524.2731968
524.0182638
523.7786675
523.5244575
523.2706187
523.0171502
522.7640509
522.5113202
522.2737917
522.0217736
521.7701214
521.5188341
521.2679109
521.0173509
520.7671532
520.5173169
520.2678412
520.0187253
519.7699682
519.521569
519.2735271
519.0112827
518.7639733
518.5170184
518.2704172
518.0241689
517.7782726
517.5182945
517.2731202
517.0282954
516.7838192
516.5253412
516.2815801
516.0381652
515.7950956
515.5381032
515.2957419
515.0394976
514.7978412
514.5565259
514.3013866
514.0607711
513.806371
513.566452
513.3127875
513.0735616
512.8206293
512.5820932
512.3298895
512.0920399
511.8405612
511.6033948
511.3526378
511.1022507
510.8661126
510.6164419
510.3671383
510.1320212
509.8834289
509.6352011
509.3873369
509.153576
508.9064163
508.6596176
508.4131791
508.1670998
507.9213789
507.6760155
507.4446109
507.1999402
506.9556244
506.7116628
506.4680545
506.2247986
505.9818942
505.7393406
505.4971368
505.2552821
505.0137756
504.7726165
504.5184356
504.2779879
504.037885
503.7981262
503.5587105
503.3196373
503.0676527
502.8292807
502.5912485
502.3535555
502.1030242
501.8660257
501.6293638
501.3930378
501.143946
500.9083078
500.6599403
500.4249867
500.1903649
499.9430677
499.7091255
499.462544
499.2292782
498.9834089
498.7508162
498.5056557
498.2737329
498.0292778
497.7851836
497.5542687
497.3108748
497.0678393
496.8379248
496.5955845
496.3536
496.1246789
495.8833847
495.6424436
495.4018549
495.174253
494.9343479
494.6947927
494.4555864
494.2167283
493.9782174
493.740053
493.5022342
493.2772502
493.040102
492.8032969
492.5668342
492.330713
492.0949324
491.8471095
491.6120257
491.3772801
491.1428719
490.9088003
490.6750644
490.4416635
490.2085968
489.9636235
489.7312402
489.4991887
489.2674682
489.0239085
488.7928648
488.5621497
488.3196459
488.0896028
487.859886
487.6184303
487.3893806
487.1606548
486.9202399
486.6921765
486.4524571
486.225053
485.9860259
485.7592777
485.5209395
485.2829534
485.0571917
484.8198895
484.5947761
484.3581545
484.1218807
483.897742
483.662144
483.4268914
483.1919831
482.9691386
482.7348997
482.5010027
482.2674469
482.0342315
481.8129913
481.5804371
481.3482209
481.1163417
480.8847988
480.6535914
480.4227187
480.1921798
479.9619739
479.7321004
479.5025582
479.2733467
479.0444651
478.8159126
478.5876884
478.3484054
478.1208517
477.8936239
477.6667212
477.4401429
477.2025839
476.9766682
476.7510744
476.5258019
476.2896106
476.0649943
475.8294904
475.605527
475.3818811
475.1473936
474.924396
474.6905877
474.4682352
474.2351027
474.0133924
473.7809324
473.5598611
473.3280705
473.1076352
472.8765107
472.6457263
472.4262468
472.1961237
471.9663381
471.7478077
471.5186787
471.2898848
471.0614252
470.8441546
470.6163453
470.3888679
470.1617216
469.9349055
469.708419
469.4822611
469.2564311
469.0309283
468.8057517
468.5809007
468.3563745
468.1321722
467.9082931
467.6847364
467.4615014
467.2385872
467.0159932
466.7937185
466.5717624
466.3395778
466.1182717
465.8972818
465.6766075
465.4457625
465.2257319
465.0060145
464.7761696
464.5570914
464.3383241
464.1094722
463.8913394
463.6631506
463.4456493
463.2181204
463.0012475
462.7743754
462.5581279
462.3319094
462.1162843
461.8907163
461.6654798
461.45079
461.2261993
461.0019379
460.7881765
460.5645562
460.3412627
460.1182953
459.8956532
459.6834339
459.4614252
459.2397395
459.018376
458.7973338
458.5766122
458.3562105
458.1361278
457.9163634
457.6969166
457.4777865
457.2589724
457.0404735
456.8222892
456.6044186
456.386861
456.1696156
455.9428284
455.7262194
455.5099204
455.2939305
455.0684529
454.8530933
454.6380407
454.4232945
454.1991137
453.9849916
453.7614619
453.5479611
453.3347628
453.1121966
452.8996151
452.6776921
452.4657244
452.2444416
452.0234847
451.812439
451.5921176
451.3816783
451.1619895
450.9426227
450.7330944
450.5143556
450.2959366
450.0778366
449.8600548
449.6520389
449.4348776
449.2180322
449.001502
448.7852863
448.5693842
448.3537951
448.1385181
447.9235525
447.7088976
447.4945527
447.2805169
447.0667895
446.8533698
446.6402571
446.4274506
446.2149497
445.9935344
445.7816554
445.5700797
445.3588066
445.1478353
444.9280123
444.7176556
444.5075985
444.2887272
444.0792803
443.8610442
443.6522045
443.4346005
443.226365
443.00939
442.801756
442.585407
442.3783714
442.1626455
441.9562055
441.7410996
441.5263091
441.3207636
441.1065887
440.892727
440.6791778
440.4748189
440.2618793
440.0492499
439.83693
439.6249188
439.4132155
439.2106215
438.9995192
438.7887226
438.5782311
438.3680438
438.1581601
437.9485792
437.7305871
437.5216223
437.3129581
437.1045938
436.8965287
436.6887621
436.4812932
436.2654957
436.0586326
435.8520651
435.6372042
435.4312381
435.2255655
435.0116345
434.8065589
434.6017747
434.3887669
434.1845754
433.9721836
433.7685821
433.5568033
433.3453361
433.1426201
432.9317616
432.7296284
432.5193755
432.3094305
432.1081723
431.8988286
431.6897906
431.4810576
431.2809601
431.0728226
430.8649879
430.6574552
430.4502238
430.243293
430.0366621
429.8303303
429.6242969
429.4185612
429.2131224
429.00798
428.803133
428.598581
428.3943231
428.1903586
427.978546
427.775178
427.5721012
427.3693151
427.1587251
426.9565297
426.7546228
426.544945
426.3436246
426.1425907
425.9338185
425.7333668
425.5251988
425.3253266
425.1177597
424.9184641
424.7114955
424.5048309
424.3064008
424.1003301
423.8945611
423.6969902
423.491811
423.2869313
423.0823504
422.8859192
422.6819224
422.4782223
422.2748182
422.0717093
421.868895
421.6663745
421.4641471
421.2622122
421.060569
420.8592167
420.6581549
420.4573826
420.2568993
420.0567042
419.8567966
419.6495039
419.4501804
419.2511424
419.0523891
418.8462922
418.6481174
418.4502254
418.2450206
418.0477028
417.843093
417.6463467
417.4423289
417.2461514
417.0427228
416.8471113
416.6442692
416.449221
416.2469624
416.045
415.8507971
415.6494141
415.4483252
415.2475297
415.0544476
414.854226
414.6542955
414.4546557
414.2553057
414.0562449
413.8574726
413.6589881
413.4607906
413.2628796
413.0652542
412.8679139
412.6708579
412.4740856
412.2775962
412.0813892
411.8782127
411.6825786
411.4872248
411.2921506
411.090146
410.8956392
410.7014101
410.5002798
410.306614
410.1060666
409.9129615
409.7129941
409.5204471
409.3210569
409.1290652
408.9302496
408.7388105
408.5405666
408.3426128
408.1520027
407.9546165
407.7575182
407.5607072
407.3641827
407.1749477
406.9789841
406.7833049
406.5879096
406.3927974
406.1979677
406.0034197
405.8091528
405.6151663
405.4214596
405.2280319
405.0348826
404.8351279
404.6425434
404.4502352
404.2582027
404.0596019
403.8681287
403.6769292
403.4791891
403.2885449
403.0981725
402.9012868
402.7114656
402.5151496
402.325877
402.1301278
401.9414012
401.746216
401.5513169
401.3634091
401.16907
400.9750148
400.7879199
400.5944208
400.4012035
400.2082674
400.0156118
399.8232361
399.6377589
399.4459312
399.2543813
399.0631086
398.8721124
398.681392
398.4843847
398.2942234
398.104336
397.9147218
397.7253801
397.5363103
397.3410063
397.1524876
396.9642388
396.7762593
396.5820804
396.3946468
396.2010312
396.0141407
395.8210857
395.6347359
395.4422388
395.256427
395.0644851
394.8792087
394.6878194
394.49671
394.3122365
394.1216757
393.9313929
393.7413873
393.5579782
393.3685159
393.179329
392.9904166
392.8017782
392.6134131
392.4253206
392.2375001
392.049951
391.8626724
391.675664
391.4889249
391.3024545
391.11005
390.9241241
390.7384649
390.5530719
390.3617781
390.1769243
389.9923348
389.8018691
389.6178149
389.4279012
389.2443797
389.0550152
388.8720239
388.6832059
388.5007423
388.3124683
388.1244696
387.9427971
387.7553385
387.5681533
387.3812409
387.2006171
387.0142395
386.8281328
386.6422963
386.4567293
386.2714312
386.0864013
385.901639
385.7171437
385.5329146
385.3489512
385.1652528
384.9818188
384.7927443
384.6098456
384.4272095
384.2448352
384.0568519
383.8750078
383.6934237
383.5062541
383.3251964
383.1385689
382.9580351
382.771947
382.5919346
382.4063834
382.2268899
382.0418731
381.8571266
381.6784108
381.4941949
381.3102474
381.1265678
380.9431554
380.7657287
380.5828404
380.4002174
380.217859
380.0357645
379.8539335
379.6723651
379.4910589
379.3100141
379.1235848
378.9430692
378.7628132
378.5828161
378.4030773
378.2179917
378.0387758
377.8598163
377.6755324
377.497092
377.3133421
377.1354184
376.9521999
376.7747902
376.5921006
376.4152026
376.2330394
376.0511424
375.8750111
375.6936367
375.5125267
375.3316803
375.1565654
374.9762366
374.7961697
374.6163639
374.4368187
374.2575334
374.0785075
373.8997402
373.721231
373.5429792
373.3649842
373.1818634
373.004388
372.8271676
372.6502015
372.4681382
372.2916867
372.1154877
371.9342129
371.7585248
371.577775
371.4025953
371.222368
371.0476943
370.8679871
370.6938169
370.5146272
370.3356993
370.1570324
369.9838695
369.8057152
369.62782
369.4501835
369.2728048
369.0956835
368.9188189
368.7422103
368.5658572
368.3897589
368.2139149
368.0383244
367.862987
367.687902
367.5130688
367.3333558
367.1590318
366.9849577
366.8060243
366.6324558
366.4591354
366.280976
366.1081574
365.9305134
365.7581943
365.5810632
365.4092412
365.2326205
365.0562578
364.8851805
364.7093246
364.5337248
364.3583805
364.1832911
364.008456
363.8388591
363.6645235
363.4904404
363.3166091
363.1430291
362.9647511
362.7916789
362.6188561
362.4462822
362.2739565
362.1018784
361.9251416
361.7535641
361.5822324
361.4062615
361.2354268
361.0599657
360.8896256
360.714672
360.544824
360.3703755
360.2010173
360.0270713
359.8533793
359.6799406
359.5115619
359.3386209
359.1659315
358.9934929
358.8213046
358.649366
358.4776764
358.3062353
358.1350421
357.9640962
357.7933969
357.6229438
357.4527361
357.2827734
357.108344
356.9388762
356.7696514
356.5959788
356.4272453
356.2587532
356.0858318
355.9178275
355.7454061
355.5778872
355.4059635
355.2342912
355.0674994
354.8963211
354.7253925
354.5547127
354.3888843
354.2186939
354.0487507
353.879054
353.7096032
353.5403979
353.3714373
353.2027209
353.034248
352.8660182
352.6980309
352.5257551
352.3582573
352.1910003
352.0239833
351.8527018
351.6861698
351.515385
351.3493356
351.1790454
351.0134763
350.8436781
350.678587
350.5092785
350.3402173
350.1758421
350.007267
349.8389375
349.6708528
349.507426
349.3398229
349.1724628
349.0053453
348.8384697
348.6718355
348.505442
348.3392887
348.1690122
348.0033439
347.837914
347.6727221
347.5034297
347.3387181
347.1742426
347.0056838
346.8416852
346.6736146
346.5100905
346.3425058
346.179454
346.0123529
345.8497711
345.6831512
345.5167741
345.3506393
345.1847462
345.0233387
344.857921
344.6927433
344.527805
344.3631055
344.1986442
344.0344205
343.870434
343.7024883
343.5389803
343.3757076
343.2126697
343.0456947
342.8831307
342.7207999
342.5545483
342.392688
342.2269178
342.0655257
341.9002346
341.7393085
341.5744942
341.4099204
341.2496921
341.0855917
340.9217302
340.7581068
340.5947212
340.4315726
340.2727305
340.1100485
339.9476019
339.7813379
339.6193663
339.4576283
339.2961235
339.1348513
338.9738111
338.8089851
338.648413
338.4880712
338.3239595
338.1640825
338.000446
337.8410315
337.677868
337.5149429
337.356221
337.1937655
337.0315468
336.8735124
336.7117599
336.5502425
336.3889597
336.2279108
336.0670954
335.9065128
335.7461626
335.586044
335.4261567
335.2665
335.1070734
334.9439963
334.7850337
334.6262996
334.4639302
334.3056568
334.1476102
333.9859434
333.8283542
333.6671548
333.5061912
333.3492868
333.1887872
333.0285216
332.872297
332.7124922
332.5529197
332.3935789
332.2344694
332.0755905
331.9169416
331.7585223
331.600332
331.4423701
331.284636
331.1271294
330.9661075
330.8090592
330.6522366
330.4919134
330.335546
330.1794026
330.0197731
329.8640816
329.7049136
329.5459782
329.390963
329.2324858
329.0742396
328.9162237
328.7621045
328.6045424
328.447209
328.2901039
328.1332263
327.9765759
327.8201519
327.663954
327.5079816
327.3486146
327.1930967
327.0378025
326.8827317
326.7242851
326.5696644
326.4116774
326.2575046
326.0999749
325.946248
325.7891733
325.6358901
325.4792684
325.3228749
325.166709
325.0143119
324.8585946
324.7031035
324.5478378
324.392797
324.2379807
324.0833883
323.9290193
323.7713723
323.6174533
323.4637561
323.3102801
323.1535443
323.0005141
322.8477035
322.6916466
322.5392786
322.3836733
322.2317458
322.0765898
321.9216603
321.7703921
321.6159087
321.4616502
321.3076159
321.1538053
321.0002178
320.846853
320.6937102
320.5407891
320.3880889
320.2356092
320.0833495
319.9313093
319.7761166
319.6245185
319.4731382
319.3186186
319.1676773
319.0136053
318.8631009
318.7094744
318.5594047
318.4062216
318.2532617
318.1005246
317.951323
317.799025
317.6469482
317.495092
317.343456
317.1920395
317.040842
316.8898631
316.7391021
316.5852884
316.4349666
316.2848612
316.1349717
315.9820463
315.8325917
315.6801095
315.5310878
315.3790468
315.2304559
315.078854
314.9274732
314.7763129
314.6285818
314.4778564
314.32735
314.177062
314.0269919
313.8771393
313.7275034
313.578084
313.4288804
313.2798921
313.1279555
312.9794009
312.83106
312.679783
312.5318726
312.3841745
312.2335523
312.0831505
311.9360949
311.7861275
311.6394963
311.4899612
311.3406437
311.1915434
311.0426597
310.8939921
310.74554
310.597303
310.4492805
310.301472
310.1538771
310.0064951
309.8593256
309.7093087
309.562567
309.4160363
309.2666699
309.1205639
308.9716301
308.8259468
308.6774435
308.5291568
308.384106
308.2362467
308.0886025
307.941173
307.7939575
307.6469556
307.5001667
307.3535904
307.2072261
307.0610733
306.9151315
306.7694003
306.6209114
306.4756039
306.3305054
306.1826606
306.0379829
305.8905664
305.7463073
305.599317
305.4525412
305.3089086
305.1625559
305.0164162
304.870489
304.7247736
304.5792697
304.4339767
304.288894
304.1440213
303.9993579
303.8549034
303.7106573
303.5637404
303.4199137
303.2762938
303.1300142
302.9868108
302.8409549
302.6981658
302.5527316
302.4075094
302.2653403
302.1205368
301.975944
301.8315612
301.6873881
301.5434241
301.3996686
301.2561213
301.1127816
300.969649
300.826723
300.6812067
300.5386964
300.3963913
300.2515065
300.1096142
299.9651493
299.8236677
299.6796206
299.5385478
299.3949166
299.2514945
299.1082811
298.9652758
298.8252224
298.682628
298.5402403
298.3953265
298.2533546
298.1115879
297.9700259
297.828668
297.6848014
297.5438544
297.4031101
297.2598674
297.119531
296.9767029
296.8367724
296.6943571
296.5521494
296.4101487
296.2710281
296.1294362
295.9880499
295.8468687
295.7058922
295.5651197
295.4245508
295.2815387
295.1413794
295.0014223
294.8616669
294.7194815
294.5801318
294.4383587
294.2994127
294.15805
294.0195058
293.8785514
293.7378025
293.5972584
293.4569187
293.3193761
293.1794398
293.0397065
292.9001756
292.7582683
292.6191445
292.4802217
292.3414993
292.2029769
292.0620944
291.9239742
291.7835003
291.6457805
291.5057134
291.3683919
291.2287295
291.0892707
290.9500149
290.8134881
290.6746331
290.5359798
290.3975275
290.2592758
290.1212243
289.9808678
289.8432186
289.7057681
289.5685158
289.4289711
289.2921174
289.1529775
289.0165203
288.8777834
288.7417209
288.6033849
288.4652503
288.3273169
288.189584
288.0545054
287.9171686
287.780031
287.6430921
287.5039113
287.3673717
287.2310294
287.0948838
286.9565086
286.8207586
286.6852039
286.5474287
286.4122668
286.2748904
286.1377144
286.0031398
285.8663597
285.7297786
285.5933961
285.4572116
285.3212246
285.1854348
285.0498415
284.9144443
284.7792429
284.6418698
284.5070617
284.3724478
284.2356712
284.1014478
283.9650676
283.8312329
283.6952472
283.5594597
283.42387
283.2908103
283.1556114
283.0206087
282.885802
282.7511906
282.6167742
282.4825523
282.3462152
282.2123842
282.0787462
281.9430017
281.8097517
281.674401
281.5415372
281.4065784
281.274099
281.1395302
281.0051574
280.8709801
280.7369978
280.6032101
280.4696165
280.3362164
280.2030096
280.0699954
279.9371735
279.8045433
279.6698613
279.5376166
279.4033256
279.2714644
279.1375625
279.006083
278.8725683
278.7392483
278.6061223
278.4754038
278.3426613
278.2101115
278.0777539
277.9455881
277.8114156
277.6796351
277.5480449
277.4166446
277.2832486
277.15223
277.019221
276.8885821
276.7559583
276.623528
276.4934569
276.361409
276.2295531
276.0978889
275.9664159
275.8351335
275.7040414
275.5731391
275.4424262
275.3119021
275.1794313
275.0492867
274.9172007
274.7874338
274.6557307
274.5263396
274.3950176
274.2638871
274.1350579
274.0043057
273.8737435
273.7433708
273.6131873
273.4831925
273.3533858
273.2216778
273.0922493
272.9630075
272.8318722
272.7030058
272.5722509
272.4437581
272.3133819
272.1852608
272.0552614
271.9254513
271.79583
271.666397
271.5371519
271.4080942
271.2792235
271.1505393
271.0220412
270.8916936
270.7635693
270.6336004
270.505848
270.3762561
270.2488739
270.1196571
269.9906287
269.8637999
269.7351439
269.606675
269.4783926
269.3502964
269.2223858
269.0946604
268.9651285
268.8377751
268.7106057
268.5816369
268.4548368
268.3262422
268.1998096
268.0715875
267.9435523
267.8176691
267.6900036
267.5625237
267.435229
267.308119
267.1811933
267.0544515
266.927893
266.7995747
266.6733845
266.5473764
266.4196156
266.2939731
266.1665827
266.0393781
265.9142822
265.7874453
265.6607931
265.534325
265.4080405
265.2819394
265.156021
265.030285
264.904731
264.7774603
264.6522715
264.5253708
264.4005456
264.274013
264.1495496
264.0233834
263.8974011
263.7734786
263.64786
263.5224241
263.3971704
263.2720983
263.1472075
263.0206376
262.8961108
262.771764
262.6457448
262.5217592
262.3961059
262.2724799
262.1471906
262.0239225
261.8989956
261.7742505
261.6496868
261.5253041
261.4011019
261.2770798
261.1532374
261.0295743
260.9042753
260.780972
260.6560373
260.533092
260.4085198
260.2859309
260.1617194
260.0376889
259.913839
259.7919603
259.6684677
259.5451544
259.4202368
259.2972833
259.1745079
259.0519101
258.9277165
258.8054751
258.68341
258.5597556
258.4362818
258.3147481
258.1916315
258.0686942
257.9459358
257.8233558
257.7009537
257.5787292
257.4566818
257.3348112
257.2113796
257.0898636
256.968523
256.8456278
256.7246393
256.6021004
256.4797402
256.3575583
256.2372714
256.1154424
255.9937904
255.8723151
255.7493087
255.6281878
255.5072422
255.3864715
255.264178
255.1437584
255.0218201
254.9017498
254.7801649
254.6587572
254.5392091
254.4181523
254.2972716
254.1765665
254.0560366
253.934011
253.8138326
253.6938282
253.5739972
253.4526786
253.3331958
253.2122293
253.0914395
252.972477
252.8520368
252.731772
252.6116822
252.4917668
252.3720256
252.2524581
252.1330639
252.0138425
251.8931639
251.7742894
251.6539616
251.5354322
251.4154534
251.2956498
251.1776362
251.0581791
250.9388958
250.8197859
250.700849
250.5820846
250.4634924
250.3434729
250.2252261
250.1071502
249.9876527
249.8683299
249.7507689
249.631792
249.5129885
249.3959387
249.2774786
249.1591908
249.0410747
248.9215586
248.8037872
248.6861863
248.5687557
248.4499324
248.3328431
248.2143649
248.0976152
247.9794805
247.8615179
247.7437271
247.6261078
247.5086594
247.3913816
247.2742739
247.157336
247.0405674
246.9224347
246.8060058
246.6882165
246.5721256
246.4546779
246.3374016
246.2202961
246.1048787
245.9881117
245.8715143
245.7535753
245.6373183
245.5212298
245.4053093
245.2880544
245.172471
245.0555567
244.9403088
244.8237335
244.7073282
244.5910924
244.4750259
244.3591281
244.2433986
244.1278371
244.0124432
243.8972164
243.7806823
243.6657907
243.5495953
243.4350374
243.3191791
243.2034897
243.087969
242.9726165
242.8574318
242.7424144
242.627564
242.5128802
242.3983626
242.2825643
242.1683799
242.0529183
241.9390655
241.8239389
241.7089803
241.5941893
241.4809971
241.3665379
241.252245
241.1366926
241.0227333
240.9089392
240.7953098
240.6804275
240.5671286
240.45258
240.3381988
240.2253934
240.1113435
239.9974596
239.8837415
239.7701886
239.6568006
239.5421803
239.429123
239.3162293
239.2021082
239.0895428
238.9757532
238.8621298
238.7500548
238.6367605
238.5236312
238.4106664
238.2978658
238.185229
238.071385
237.9590765
237.8469307
237.7335824
237.6217626
237.5087435
237.3958894
237.2831999
237.1720294
237.0596659
236.9474659
236.83408
236.7222076
236.6104974
236.498949
236.3862211
236.2749972
236.1625969
236.0503608
235.9396217
235.8277108
235.7159629
235.6043776
235.4929545
235.3803697
235.2692718
235.158335
235.0475588
234.9356271
234.823859
234.7135663
234.6021226
234.4908415
234.3797224
234.2687652
234.1579693
234.0473344
233.9368601
233.826546
233.7150968
233.6051038
233.4939787
233.3843054
233.2735029
233.1628621
233.0523825
232.9420638
232.8319055
232.7219074
232.612069
232.5011156
232.3915973
232.2822376
232.1717672
232.0614584
231.9525758
231.8425869
231.7327584
231.6230898
231.5135808
231.4042309
231.2950399
231.1847549
231.0758822
230.9659184
230.8573624
230.7477182
230.6394774
230.5301513
230.4209846
230.3119769
230.2031278
230.0944369
229.9846714
229.8762976
229.7680809
229.6587939
229.550892
229.4419226
229.3331124
229.2244608
229.1159677
229.0076326
228.899455
228.7914347
228.6835713
228.5758643
228.4671059
228.3597125
228.2512704
228.1429868
228.0360619
227.9280924
227.8202802
227.712625
227.6051263
227.4965921
227.3894073
227.2823779
227.1743169
227.0675991
226.9598524
226.8522631
226.7448308
226.6387332
226.5316121
226.4234724
226.3166645
226.2100118
226.1035138
225.9960024
225.8898146
225.7826161
225.6755742
225.5698496
225.4631183
225.3565426
225.250122
225.1438563
225.0365924
224.9306368
224.824835
224.7180389
224.612545
224.5060594
224.3997295
224.2935547
224.1875347
224.0816691
223.9759576
223.8703998
223.7649953
223.6586129
223.5535156
223.4474429
223.3426513
223.2368868
223.1312767
223.0258206
222.9205182
222.8153691
222.7103729
222.6044147
222.4997248
222.3951867
222.2896904
222.1843484
222.0802667
221.9752306
221.8703477
221.7656176
221.66104
221.5555161
221.4512439
221.3471231
221.2420597
221.1382421
221.0334844
220.9288797
220.8244278
220.7212139
220.6159806
220.5119847
220.4081399
220.3044461
220.1998251
220.0964335
219.9921172
219.8890264
219.7850133
219.681152
219.5774421
219.4738834
219.3704755
219.2672179
219.1630482
219.0600918
218.9562257
218.8535692
218.7500053
218.6465926
218.543331
218.4402198
218.3372589
218.2344479
218.1317864
218.0282287
217.9258666
217.8226107
217.7205466
217.617591
217.5147857
217.4121305
217.309625
217.2072687
217.1050614
217.0019725
216.9000635
216.7972752
216.695663
216.5931739
216.4908345
216.3886445
216.2866036
216.1847114
216.0829676
215.9813717
215.8789097
215.7776102
215.6754469
215.5744424
215.4725762
215.3708589
215.26929
215.1678691
215.066596
214.9654703
214.8634926
214.762662
214.6609815
214.5604447
214.4590602
214.3578238
214.2567353
214.1557942
214.0550001
213.9543528
213.8528673
213.7525138
213.6513243
213.5512633
213.4503684
213.3496209
213.2490206
213.1485671
213.0482599
212.9480989
212.8471132
212.7472446
212.647521
212.5469761
212.4465782
212.3463271
212.2462225
212.1462639
212.046451
211.9467836
211.8472611
211.7469284
211.6476964
211.5476562
211.4477624
211.348964
211.2493606
211.1499026
211.0496444
210.9504774
210.8514548
210.751635
210.6529013
210.5533726
210.4549264
210.3556872
210.2565931
210.1576435
210.0588382
209.9592468
209.8607303
209.7623571
209.6632008
209.5641897
209.4662468
209.3675238
209.2689449
209.17051
209.0713006
208.9731536
208.8751494
208.7763738
208.6786556
208.5801679
208.4818244
208.3836245
208.2855681
208.1876548
208.0898841
207.9922559
207.8938677
207.7965245
207.6984233
207.6004657
207.5035482
207.4058755
207.3083455
207.2100649
207.1128204
207.0157174
206.9178668
206.8210473
206.723482
206.6260595
206.5287795
206.4316417
206.3346456
206.2377909
206.1410773
206.0436272
205.9471961
205.8500304
205.7530069
205.6569976
205.5602565
205.4636566
205.3663293
205.2700122
205.1738354
205.076934
204.9810379
204.8844191
204.7879417
204.6916054
204.5954098
204.4993547
204.4034396
204.3068098
204.2111751
204.1148275
204.0194718
203.923405
203.8274788
203.7316928
203.6360466
203.54054
203.4443293
203.3491019
203.2531723
203.1582229
203.0625729
202.967063
202.8716926
202.7764616
202.6813696
202.5855839
202.49077
202.3952642
202.3007271
202.2054998
202.110412
202.0154632
201.9206532
201.8259815
201.7314479
201.6362317
201.5419744
201.4470364
201.3522374
201.2575772
201.1630555
201.0686719
200.9744261
200.8803178
200.7855371
200.6917038
200.5971999
200.5028345
200.409412
200.3153214
200.2205659
200.1267512
200.0330732
199.9387329
199.8453289
199.7512641
199.6573372
199.5643421
199.4706887
199.3763803
199.2830015
199.1897589
199.0958638
199.0028938
198.9092728
198.8157891
198.7224422
198.6292319
198.5361578
198.4432196
198.3504169
198.2569713
198.1636629
198.0712673
197.9782311
197.8853311
197.7925671
197.6999385
197.606675
197.5143177
197.421327
197.3292396
197.2365204
197.1439371
197.0514893
196.9591767
196.8669989
196.7741955
196.6822876
196.5897557
196.4981163
196.4058545
196.3137278
196.221736
196.1298786
196.0374041
195.9458158
195.853612
195.7622915
195.670357
195.5785572
195.4868919
195.3953606
195.3039631
195.2119577
195.1208278
195.0290915
194.9382281
194.8467597
194.7554253
194.6642245
194.5731572
194.4814901
194.3906895
194.2992907
194.2087558
194.117624
194.0266259
193.935761
193.845029
193.7544296
193.6632394
193.5729054
193.4819819
193.3911919
193.3005351
193.210011
193.1196195
193.0293601
192.9392326
192.8485229
192.7586592
192.6682148
192.577903
192.4877236
192.3976763
192.3077606
192.2179764
192.1276179
192.0380965
191.9480023
191.8580403
191.7682102
191.6785117
191.5889444
191.4988098
191.4095051
191.3196345
191.2305911
191.1409833
191.0515069
190.9621615
190.872947
190.7831728
190.6942199
190.6047087
190.5160161
190.4267666
190.3376481
190.2486602
190.1598025
190.0703928
189.9817958
189.892648
189.8043103
189.7154233
189.6266667
189.5380402
189.4495434
189.360502
189.2722648
189.1834843
189.0955055
189.0069847
188.9185938
188.8303324
188.7422003
188.6535309
188.5656573
188.4772478
188.3896315
188.3014806
188.213459
188.1255664
188.0371432
187.9495087
187.8620023
187.7739671
187.6860614
187.5982848
187.5106369
187.4231175
187.3357262
187.2484628
187.1606772
187.0730207
186.9861409
186.8987407
186.8114688
186.7243249
186.6366644
186.5497762
186.4623728
186.3757393
186.2885918
186.2015722
186.1146803
186.0279157
185.9406416
185.8541317
185.7671135
185.6802233
185.5940935
185.5074574
185.4203174
185.333936
185.247681
185.160924
185.0749219
184.988419
184.9020432
184.8157941
184.7296715
184.6430523
184.5571826
184.4708176
184.3845796
184.2990875
184.2131019
184.1266251
184.0408924
183.9552852
183.8691887
183.7838326
183.6979884
183.6122704
183.5266782
183.4412115
183.355261
183.2700454
183.1843471
183.0987749
183.013934
182.9286123
182.8428119
182.7577412
182.672795
182.587372
182.5020748
182.4175025
182.332455
182.2475325
182.1621378
182.0774649
181.992321
181.9078967
181.8230025
181.7382332
181.6535883
181.5690677
181.4840812
181.399809
181.3150721
181.2310471
181.1465586
181.0621942
180.9773691
180.893253
180.8092602
180.7248083
180.6404808
180.5568577
180.4727772
180.3882417
180.3044087
180.2206987
180.1365352
180.0524957
179.9691543
179.8853611
179.8011184
179.7175719
179.634148
179.5502761
179.4670972
179.3834714
179.2999687
179.2165886
179.1327651
179.0496304
178.9660533
178.8831628
178.799831
178.7166217
178.6335348
178.5505699
178.4671674
178.3844465
178.301289
178.2182541
178.1353413
178.0525504
177.9698812
177.8867796
177.8043535
177.7214962
177.6387609
177.5561474
177.4736553
177.3912845
177.3090346
177.2263581
177.1438036
177.0613707
176.9790592
176.8968687
176.8147989
176.7328497
176.6504791
176.56823
176.486102
176.404095
176.3222086
176.2404425
176.1587965
176.0767342
175.994793
175.9129725
175.8312725
175.7496926
175.6682326
175.5863609
175.5051406
175.4235096
175.3419989
175.2606082
175.1793372
175.097659
175.0166273
174.9351894
174.8538717
174.7726738
174.6915953
174.6106362
174.5292748
174.448554
174.367432
174.2864296
174.2055465
174.1247825
174.0441373
173.9630947
173.8826869
173.8018828
173.7211977
173.6406316
173.560184
173.4793434
173.3991328
173.3185302
173.2380465
173.1576815
173.0774349
172.9973063
172.9167895
172.836897
172.7566172
172.6764558
172.5964126
172.5164872
172.4366795
172.3564882
172.2764154
172.1969602
172.1171228
172.037403
171.9573035
171.8778189
171.7979555
171.718705
171.6390765
171.5595654
171.4796787
171.4004023
171.3212425
171.2417084
171.1622918
171.0829923
171.0038097
170.9247437
170.8453071
170.7664743
170.6872716
170.6081859
170.5292168
170.4503641
170.3711448
170.2925247
170.2135389
170.1346697
170.055917
169.9772803
169.898281
169.8198764
169.7411101
169.6624602
169.5839264
169.5055084
169.427206
169.349019
169.2704741
169.1920453
169.1137324
169.035535
168.957453
168.879486
168.801165
168.72296
168.6448705
168.5668963
168.4890371
168.4112926
168.3331982
168.2552192
168.1778187
168.1000694
168.0219731
167.9444536
167.8670484
167.7892973
167.7116612
167.6341399
167.5567329
167.4794402
167.4018049
167.3242847
167.2473341
167.1700423
167.0928646
167.0153478
166.9383982
166.8611103
166.7839368
166.7068774
166.6299319
166.5530999
166.4763811
166.3993278
166.3223885
166.2455629
166.1688509
166.0922522
166.015322
165.9389496
165.8622466
165.785657
165.7091806
165.6328172
165.5561259
165.4799882
165.4035234
165.3271717
165.2509329
165.1743696
165.0983564
165.0220193
164.9462306
164.8701188
164.7941195
164.7177992
164.6420248
164.5659301
164.4899481
164.4140786
164.3383213
164.2626759
164.1867134
164.1112917
164.0355535
163.9599274
163.8844132
163.8090106
163.7332942
163.6576901
163.582198
163.5068177
163.4315489
163.3563914
163.2809234
163.2059881
163.1307432
163.0556097
162.9805873
162.9052576
162.8304572
162.7553503
162.6803547
162.6054701
162.5306963
162.4556185
162.381066
162.3062103
162.2314655
162.1568313
162.0818961
162.0074831
161.9327698
161.8585769
161.7840843
161.7092936
161.6350219
161.5604529
161.4864011
161.4120525
161.3378141
161.2636857
161.1892627
161.1153539
161.0411512
160.9670585
160.8930756
160.8192023
160.7450376
160.6709831
160.5974379
160.5236024
160.4494781
160.3758617
160.3023541
160.2285587
160.1548729
160.0812963
160.0078286
159.9340756
159.8608258
159.7872912
159.7138658
159.6405492
159.56695
159.4938509
159.4204698
159.3471977
159.2740344
159.2009794
159.1280326
159.0548067
158.9816895
158.9086809
158.8357805
158.7629882
158.6899194
158.617343
158.5444906
158.4717464
158.3987281
158.3261999
158.2533983
158.1810851
158.1084991
158.0356416
157.9632713
157.8910081
157.8184744
157.7460486
157.6737302
157.6015191
157.5290398
157.4566684
157.3847788
157.3126218
157.2401988
157.1682564
157.0964205
157.0243195
156.9523258
156.880439
156.8082891
156.7366159
156.6646803
156.5928516
156.5211297
156.4495143
156.3780051
156.3062359
156.2345736
156.1630179
156.0915684
156.020225
155.9486241
155.8771299
155.8057421
155.7344603
155.6632844
155.5918535
155.5208891
155.4496703
155.3785574
155.3071918
155.2362905
155.165137
155.0940895
155.0231476
154.9523112
154.88158
154.8105991
154.7397239
154.6689542
154.5982897
154.5277302
154.4569235
154.3862222
154.3156262
154.2451353
154.1747491
154.104118
154.0335922
153.9631714
153.8928555
153.8226441
153.7521901
153.6821876
153.6119431
153.5418031
153.4714227
153.4014916
153.3313207
153.2612543
153.1912923
153.1214344
153.0513386
152.9816886
152.9118013
152.8420181
152.7723388
152.702424
152.6326135
152.5632452
152.4933046
152.4238058
152.3544103
152.2847818
152.2152572
152.1458362
152.0765186
152.0069701
151.937859
151.8685174
151.7992793
151.7301442
151.6607805
151.5915203
151.5226942
151.4536401
151.3843592
151.3155111
151.2464367
151.1774654
151.108597
151.0398313
150.9708412
150.9022805
150.8334959
150.7648139
150.6962343
150.6274326
150.5587337
150.4901374
150.4216434
150.3532516
150.2849617
150.216452
150.1480446
150.0797393
150.0112159
149.9431145
149.8747955
149.8065786
149.7384635
149.6704499
149.6022206
149.5340933
149.4660679
149.398144
149.3303213
149.262285
149.1943505
149.1265175
149.0587857
148.991155
148.9233127
148.8555719
148.7879322
148.7203936
148.6526452
148.5853083
148.5177621
148.4503168
148.3826635
148.3154199
148.2479687
148.1806184
148.1133688
148.0462196
147.9788646
147.9116105
147.844457
147.7774039
147.7104509
147.6432942
147.576238
147.5092821
147.4424264
147.3753686
147.3084113
147.2418552
147.1747972
147.10814
147.0412827
146.9748248
146.9081672
146.8416094
146.7748532
146.7081972
146.6419379
146.575481
146.5088274
146.4425695
146.3761154
146.3097609
146.2435057
146.1773496
146.110999
146.044748
145.9785962
145.9125434
145.8462978
145.7804428
145.7143954
145.6484469
145.5823073
145.5165565
145.4506149
145.3847722
145.3190281
145.2533825
145.1875477
145.1218117
145.0561742
144.9906351
144.9249085
144.8592806
144.7937512
144.7283199
144.6629867
144.5974678
144.5320473
144.466725
144.4015005
144.336092
144.271063
144.2058504
144.1404551
144.0754382
144.0102391
143.9454171
143.8801345
143.8152285
143.7504197
143.6854305
143.6205388
143.5557445
143.4907711
143.4258954
143.3613926
143.2964362
143.2318523
143.1673652
143.1027009
143.0381338
142.9733906
142.9090174
142.8444686
142.7800168
142.7156618
142.6514035
142.5869709
142.5226353
142.4583963
142.3942539
142.3299388
142.265989
142.2018668
142.1375734
142.0736441
142.0095439
141.9455401
141.8816325
141.8178209
141.7538399
141.6899551
141.6261665
141.5624737
141.4986129
141.4351116
141.3714426
141.3076068
141.2441295
141.1804857
141.1169377
141.0534854
140.9901285
140.9266066
140.8631804
140.7998497
140.7366143
140.6732153
140.6099119
140.5467038
140.4835908
140.4203158
140.3573928
140.2943079
140.2310622
140.1681676
140.1051123
140.0421521
139.9792868
139.916516
139.8535861
139.7907511
139.7280108
139.6651126
139.6025614
139.5398526
139.4772383
139.4147183
139.352042
139.2894602
139.2269729
139.1645797
139.1020314
139.0395777
138.9772181
138.9149526
138.8527809
138.7904557
138.7282245
138.6660872
138.6037975
138.5416019
138.4795003
138.4174924
138.355578
138.2935127
138.2315411
138.1696631
138.1078785
138.0459442
137.9841035
137.9223562
137.8604605
137.7988997
137.7371907
137.675575
137.6138121
137.5523824
137.490806
137.4293225
137.3676932
137.3061572
137.2449523
137.1833644
137.122107
137.0607052
136.9996329
136.9381802
136.8770566
136.8157897
136.7548507
136.693534
136.6325447
136.5714135
136.5106085
136.4494285
136.3885743
136.3275795
136.266677
136.2058667
136.1451483
136.0842904
136.0235248
135.9628512
135.9022693
135.8415491
135.780921
135.7203847
135.6599399
135.5993581
135.5388682
135.4784698
135.4179355
135.3577201
135.2973689
135.2371092
135.1767146
135.1164117
135.0562003
134.9960802
134.936051
134.8758883
134.8158169
134.7558366
134.6957238
134.6357022
134.5757718
134.5159321
134.4559612
134.396303
134.3362924
134.2765941
134.2169862
134.1572483
134.097601
134.0378246
133.9781391
133.9187632
133.8590399
133.7996258
133.7400838
133.6806323
133.621271
133.5619998
133.5026018
133.4432941
133.3840765
133.324733
133.2654799
133.2063168
133.1472435
133.0880456
133.0289377
132.9699197
132.9109914
132.8519394
132.7929773
132.7341048
132.6753218
132.6164163
132.5576004
132.4988739
132.4400259
132.3812675
132.3225986
132.2640188
132.2053186
132.1467078
132.0881863
132.0297537
131.9712017
131.9127389
131.8543651
131.7958728
131.7376766
131.6793622
131.6209302
131.5627934
131.5045392
131.4463739
131.388092
131.3301038
131.2719993
131.2137792
131.1558519
131.0978091
131.0398549
130.981989
130.9240086
130.8661168
130.8083132
130.7505977
130.6927687
130.635028
130.5773753
130.5196101
130.4621332
130.4043442
130.3468431
130.2892304
130.2319046
130.1742688
130.1169196
130.0594597
130.0020876
129.9448031
129.8874088
129.8301023
129.7728833
129.7157517
129.6585113
129.6013585
129.5442929
129.4871194
129.4300335
129.3730348
129.3161231
129.2591046
129.2021732
129.1453289
129.0883785
129.0317079
128.9749314
128.9180497
128.8612552
128.804739
128.7479267
128.6913924
128.6347539
128.578202
128.5215468
128.465168
128.408686
128.3522904
128.2957923
128.2393808
128.1830557
128.1268168
128.0704763
128.0142221
127.9580542
127.9017853
127.8457894
127.7895065
127.733496
127.6773856
127.6213613
127.5654228
127.5093852
127.4536182
127.3975679
127.3417878
127.2859093
127.2301167
127.1744096
127.1186051
127.0628862
127.0072529
126.9517048
126.8960602
126.840501
126.7848459
126.7294573
126.6739729
126.6183934
126.5630795
126.5076706
126.4523468
126.3969288
126.341596
126.2863483
126.2311854
126.1759292
126.1207579
126.0656714
126.0106695
125.9555751
125.9005653
125.8454636
125.7904468
125.7355147
125.6806671
125.6257283
125.5710493
125.5161044
125.4614189
125.406643
125.3519515
125.2971703
125.2424737
125.1878612
125.1333329
125.0787157
125.0241827
124.9697337
124.9153685
124.8609153
124.8063745
124.7520892
124.6977165
124.6434277
124.5892225
124.5349307
124.4807227
124.4265982
124.3723878
124.3182612
124.264218
124.2100896
124.1560448
124.1020835
124.0480376
123.9942427
123.9403635
123.8864004
123.8325208
123.7787245
123.7250111
123.6712148
123.6175016
123.5638713
123.5101587
123.4565292
123.4029826
123.3495186
123.295973
123.2425102
123.1889664
123.1355055
123.0821272
123.0288315
122.9754556
122.9221622
122.8689512
122.8156606
122.7624526
122.7093269
122.6561222
122.6029999
122.5499599
122.4968415
122.4438055
122.3908517
122.3378202
122.2848709
122.2320037
122.1792183
122.126356
122.0735756
122.0207189
121.9679442
121.9152513
121.8626402
121.8099533
121.7573482
121.7048246
121.652226
121.5997091
121.5471176
121.4947637
121.4423353
121.3898331
121.3375675
121.2852281
121.2328155
121.1806387
121.1283888
121.0760662
121.0239787
120.9718186
120.9197395
120.8675885
120.8155186
120.7635296
120.7114693
120.6594901
120.6075916
120.5556224
120.5037342
120.4519266
120.4001996
120.3484025
120.2965357
120.2448999
120.1931945
120.1415696
120.0898758
120.0382625
119.9867296
119.9351283
119.8836076
119.832167
119.7808066
119.7293784
119.6780304
119.6266151
119.5752801
119.5240251
119.4727034
119.4214619
119.3703003
119.3190726
119.267925
119.2168571
119.1658688
119.1148151
119.0636964
119.012802
118.9618428
118.9108191
118.860019
118.8091546
118.7582262
118.7075207
118.6567514
118.6059187
118.555308
118.5046341
118.4538974
118.4033819
118.3526621
118.3021632
118.2516021
118.2011201
118.150717
118.1002523
118.0498666
117.9994197
117.9490518
117.8987629
117.8485526
117.7982818
117.7480897
117.6978374
117.647664
117.5975692
117.5474148
117.4973391
117.4473419
117.3972856
117.3473078
117.2974084
117.2474504
117.1975709
117.1477696
117.0979102
117.0481291
116.9982904
116.9486656
116.8988479
116.8492437
116.7995824
116.7499992
116.7003593
116.6507975
116.6013136
116.5517736
116.5023116
116.4529273
116.4034874
116.3541252
116.3048407
116.2555011
116.2062391
116.1569225
116.1076836
116.0585222
116.0093066
115.9601686
115.911108
115.8619937
115.8129568
115.7639971
115.7149842
115.6660486
115.61719
115.5682788
115.5193152
115.4705582
115.4217489
115.3730166
115.3242325
115.2755254
115.2268952
115.1782136
115.1296088
115.0809532
115.0323744
114.9838724
114.9353199
114.8868442
114.8384451
114.7899959
114.7416233
114.6933272
114.6449815
114.5967123
114.548394
114.5001521
114.4519866
114.4038972
114.3556345
114.3075727
114.2594627
114.2114289
114.1634712
114.1154656
114.0674126
114.019559
113.9716581
113.9237103
113.8759612
113.8280426
113.7803225
113.7325558
113.6848649
113.6371279
113.5894666
113.5418809
113.4942496
113.4466938
113.3990928
113.3515674
113.3041174
113.2566226
113.2092033
113.1618593
113.1144708
113.0671576
113.0198004
112.9725185
112.9253118
112.8780614
112.8308862
112.783786
112.7366426
112.6894563
112.6424628
112.5954266
112.5483479
112.5014614
112.4544154
112.4075613
112.3606652
112.3138437
112.2669806
112.2201922
112.1733625
112.1266076
112.0799271
112.0332058
111.9865591
111.9399867
111.8933739
111.8468354
111.8002568
111.7537526
111.7073226
111.6608529
111.6144574
111.5680225
111.5216619
111.4753754
111.4290498
111.3827983
111.3365082
111.2902921
111.24415
111.1979696
111.1518631
111.1057187
111.0596482
111.0136515
110.9676172
110.9216566
110.8757696
110.8298455
110.7838845
110.7381075
110.6921836
110.6464433
110.6006666
110.5549633
110.5092238
110.4635578
110.417856
110.3722275
110.3266723
110.2810817
110.2355644
110.1900119
110.1445327
110.0991265
110.0536856
110.0083177
109.9629155
109.9175863
109.8723299
109.8270395
109.781822
109.7365708
109.6913924
109.6462867
109.6011476
109.5560813
109.5109818
109.4659551
109.4208956
109.3759088
109.3309945
109.2860479
109.2411737
109.1963718
109.1515378
109.1066722
109.061879
109.017158
108.9725092
108.927829
108.8831178
108.8384788
108.7939119
108.7493142
108.7047886
108.6602326
108.6157486
108.5713365
108.5268943
108.482524
108.4381239
108.3937956
108.3495391
108.305253
108.2609377
108.216795
108.1725226
108.1284223
108.0842932
108.0401354
107.9960494
107.9520347
107.9079918
107.8640204
107.8201202
107.776192
107.7322361
107.6883517
107.6445385
107.6006979
107.5569286
107.5132302
107.4695048
107.4257526
107.3820716
107.3384616
107.2948251
107.2512596
107.2077648
107.1642439
107.1206971
107.0772212
107.033816
106.9903853
106.9470252
106.9036399
106.8603252
106.8170811
106.773812
106.730518
106.6873899
106.644142
106.6010595
106.5579526
106.5148214
106.4717607
106.4287702
106.3857558
106.3427178
106.2998439
106.2568527
106.2140253
106.1711745
106.1283006
106.0854968
106.042763
106.0000064
105.9573198
105.9146105
105.8719712
105.8293096
105.7867178
105.7441958
105.7016518
105.659086
105.61659
105.5741636
105.5317158
105.4893376
105.4469381
105.4046082
105.3623478
105.3200663
105.2777641
105.2355314
105.1933681
105.1511843
105.1090698
105.0669351
105.0248697
104.9827843
104.9407682
104.8988211
104.8568543
104.8148681
104.772951
104.7311029
104.6892356
104.6474373
104.60562
104.5638716
104.5221919
104.4804062
104.4387767
104.3971287
104.3554625
104.3138651
104.2723363
104.2307895
104.1893113
104.1478154
104.106388
104.0649431
104.0235667
103.982173
103.9408478
103.8995909
103.8582318
103.8170262
103.7758039
103.7346497
103.693479
103.6522919
103.6111731
103.5701225
103.5290557
103.4880571
103.4470425
103.406096
103.3651338
103.3242396
103.2834133
103.2425715
103.2017145
103.1609254
103.120204
103.0794677
103.0387166
102.9980333
102.9574176
102.9167874
102.8762248
102.8356478
102.7950568
102.7546149
102.7140776
102.673689
102.6332055
102.5928705
102.552441
102.5121596
102.4718648
102.4315567
102.391316
102.3510622
102.3108756
102.2707561
102.2306238
102.190479
102.1504012
102.1103904
102.0703672
102.0303318
101.9903635
101.950462
101.9105485
101.8706233
101.830765
101.7909734
101.7511703
101.7114338
101.671686
101.6319271
101.5923125
101.5526093
101.5129727
101.4734026
101.4338218
101.3943074
101.3547825
101.315324
101.2758551
101.2364526
101.1970399
101.1576935
101.1183372
101.079047
101.0397472
101.0004377
100.9612701
100.9220175
100.8829064
100.8437107
100.8046561
100.7655175
100.7264449
100.6874382
100.6484228
100.6094731
100.5705149
100.5316225
100.4927216
100.4538865
100.4150431
100.3762654
100.3374797
100.2986861
100.2600315
100.2212958
100.1826258
100.1440212
100.1054092
100.0668625
100.0283085
99.98974745
99.9512518
99.91282141
99.87438407
99.83601192
99.79763301
99.75924753
99.72092728
99.68260063
99.64433914
99.60614264
99.5679399
99.52973112
99.49158735
99.45343773
99.41535304
99.37733314
99.33923716
99.30127637
99.26323992
99.22533834
99.18736151
99.14951925
99.11160213
99.07374976
99.03596198
98.99816935
98.96044124
98.92270845
98.88497118
98.84729844
98.80969007
98.77207735
98.73446047
98.69690798
98.6593515
98.62185932
98.58443131
98.54693155
98.50956386
98.47212483
98.43475003
98.39743933
98.36012526
98.32287522
98.28562197
98.24836571
98.21117347
98.17404509
98.13691383
98.09977986
98.06270976
98.02563711
97.98862825
97.951617
97.91466946
97.87771968
97.84083353
97.80394528
97.76705513
97.73022861
97.69346558
97.65663561
97.61993429
97.58323132
97.54652689
97.50988585
97.47324349
97.43659999
97.40001989
97.36350302
97.32698512
97.29046637
97.25401085
97.21761841
97.18116154
97.14483147
97.10843732
97.07210632
97.0358383
96.99956999
96.96330157
96.92709613
96.89095352
96.85481089
96.81866842
96.78252629
96.74650941
96.71043053
96.67441444
96.638461
96.60250813
96.56655599
96.53066649
96.49477786
96.45895177
96.42312669
96.38730278
96.35154141
96.31584241
96.28014467
96.24444836
96.20881442
96.17318203
96.13755138
96.1020435
96.06647693
96.03097261
95.99547028
95.9600301
95.92459204
95.88921605
95.8538423
95.81847093
95.78316163
95.74791422
95.71261001
95.677427
95.64218752
95.60700997
95.57189421
95.53678133
95.50167149
95.46662341
95.4315785
95.39659525
95.36161529
95.32663876
95.29172387
95.25681254
95.22196276
95.18711664
95.15233199
95.11755113
95.0827742
95.0480587
95.01334726
94.97869715
94.94405121
94.9094096
94.87482928
94.84031012
94.80573873
94.7712286
94.73677959
94.70233523
94.66789568
94.6335172
94.59914364
94.56483107
94.53052352
94.49622114
94.46197971
94.42774355
94.39356825
94.35939833
94.32528918
94.29113037
94.25708747
94.22299521
94.18896373
94.15499287
94.12102785
94.08706881
94.05317036
94.019278
93.98539186
93.95156626
93.917747
93.88398817
93.85023577
93.81654372
93.7828582
93.74917935
93.71550731
93.68189562
93.64834413
93.6147995
93.58126187
93.5477844
93.51431403
93.48085089
93.44744786
93.41405216
93.38071647
93.3473882
93.31406749
93.28080674
93.24755364
93.21430833
93.18112292
93.14799727
93.11482767
93.08171792
93.04866787
93.01562588
92.98259208
92.94956661
92.91660084
92.88369461
92.85074571
92.81790738
92.78502666
92.75220547
92.719393
92.68663996
92.65389573
92.62116043
92.58848451
92.5558176
92.52315985
92.49056141
92.45802214
92.4254422
92.39292151
92.36045993
92.32795817
92.29551559
92.26313206
92.23075813
92.19839393
92.16603958
92.13374426
92.10150782
92.0692324
92.03701593
92.00485828
91.97271072
91.94057337
91.90844635
91.87637812
91.8443203
91.81232116
91.7803325
91.74835445
91.71643502
91.68452626
91.65262831
91.6207889
91.58896036
91.55714282
91.52538375
91.49363575
91.46194611
91.43026761
91.39860037
91.36694449
91.33534695
91.30380761
91.27223298
91.24071662
91.20921188
91.17776529
91.1463304
91.11490732
91.08354231
91.05218918
91.02089402
90.98956491
90.95829383
90.92708064
90.89587958
90.86469074
90.83351426
90.80239562
90.7712894
90.7401957
90.70915977
90.67813642
90.64717074
90.6162177
90.58527741
90.55435
90.5234802
90.49262332
90.46182395
90.43103756
90.40026427
90.36950419
90.33880155
90.30811218
90.27748014
90.24681754
90.21625614
90.18566438
90.15512991
90.12460903
90.09410185
90.06365186
90.03321563
90.00283649
89.97242799
89.94211971
89.91178229
89.8815019
89.85123558
89.82098343
89.79078822
89.76060724
89.73044057
89.70033077
89.67019299
89.64015438
89.61008801
89.58007843
89.55008348
89.52014521
89.49022161
89.46031279
89.43041885
89.40058152
89.37075912
89.34095174
89.31120089
89.2814651
89.25174448
89.22208029
89.19243132
89.16279766
89.13322033
89.10365836
89.07411185
89.04458088
89.01510618
88.98564707
88.95620366
88.92681641
88.89744489
88.8680892
88.83878959
88.80946576
88.78019805
88.75098632
88.72179059
88.69261095
88.6634475
88.63433996
88.6052091
88.57617364
88.54711505
88.51811229
88.48912598
88.4601562
88.43124216
88.40234468
88.37346388
88.3446387
88.31579144
88.28699983
88.25826374
88.22950592
88.20080365
88.1721184
88.14348857
88.11487579
88.08628014
88.0577017
88.02917862
88.00067279
87.97218429
87.94371321
87.9152974
87.88689904
87.85851823
87.83019257
87.80184703
87.77359405
87.74532136
87.71710374
87.68886672
87.66072189
87.63255783
87.60444875
87.57635763
87.54828456
87.52022963
87.49222958
87.46424769
87.43628404
87.40837516
87.38048455
87.35261229
87.32475846
87.29695931
87.26917861
87.24141644
87.21367289
87.18598393
87.15831359
87.13066198
87.10302917
87.07545084
87.04789133
87.02035071
86.99286446
86.96536182
86.93791356
86.91048438
86.88310946
86.8557186
86.82838202
86.80109959
86.77380152
86.74655762
86.71933306
86.69212793
86.6649423
86.63781073
86.61069868
86.58360621
86.55653341
86.52951457
86.50251541
86.475536
86.44857643
86.4216707
86.39475094
86.36788504
86.34107287
86.31424696
86.28747479
86.2607227
86.23399076
86.20731245
86.18062096
86.1539831
86.12736556
86.10080151
86.07422473
86.04770146
86.02119865
85.99471636
85.96828748
85.9418464
85.91545873
85.88912434
85.86277803
85.836485
85.81018033
85.78392895
85.75773073
85.73152114
85.70536472
85.67922927
85.65311485
85.62702153
85.60098126
85.5749621
85.54896412
85.52298737
85.49703194
85.47112943
85.44524824
85.41938842
85.39355005
85.36773318
85.34196912
85.31622657
85.2905056
85.26480626
85.23915961
85.21350369
85.18790044
85.16231897
85.13679005
85.11125224
85.08576699
85.06030362
85.03486222
85.00944284
84.98404553
84.95870066
84.93337786
84.9080772
84.88279875
84.85757259
84.83233866
84.80715703
84.78199771
84.75686078
84.73177601
84.70668395
84.68164406
84.65662666
84.63163181
84.60665958
84.58173938
84.55684178
84.53196685
84.50711464
84.48228522
84.45747863
84.43272394
84.40799207
84.38325422
84.35859706
84.33393404
84.30929407
84.28470584
84.26014066
84.2355986
84.21107969
84.186584
84.1621399
84.13769075
84.11329319
84.08891894
84.06456807
84.04026865
84.01596461
83.99171202
83.9674829
83.9432773
83.91909527
83.89493687
83.87082977
83.84671872
83.82265895
83.7986229
83.77461062
83.75064948
83.72668484
83.70277133
83.67885452
83.65498884
83.63114711
83.60732939
83.58356265
83.55979305
83.53607441
83.51237987
83.48870947
83.46506326
83.44144129
83.41784362
83.39429674
83.37074774
83.34724952
83.32377566
83.30032623
83.27690126
83.25352692
83.23015097
83.20682563
83.18352483
83.16024862
83.13699705
83.11377015
83.09056798
83.06741626
83.04426362
83.02116141
82.99808399
82.97503142
82.95200373
82.92900098
82.9060232
82.88309567
82.86016792
82.8372904
82.81443792
82.79161052
82.76880826
82.74603116
82.72330412
82.70057745
82.6779008
82.65522472
82.63259864
82.60999788
82.58742248
82.56487248
82.54234793
82.51987321
82.49739961
82.47497583
82.45255335
82.43018066
82.40783355
82.38551206
82.36321623
82.34097002
82.31872558
82.29650692
82.27433784
82.25219452
82.23005333
82.20796168
82.18589589
82.16385602
82.14184209
82.11987753
82.09791555
82.07597963
82.05409304
82.0322093
82.01037486
81.98856652
81.96678432
81.9450283
81.92329849
81.90159493
81.87991765
81.85828946
81.83666481
81.81508922
81.79351733
81.77199447
81.75049801
81.72900551
81.70756199
81.68614497
81.66475448
81.64339056
81.62207544
81.6007647
81.57948063
81.55824531
81.53701463
81.51583266
81.49467739
81.47352701
81.45242529
81.43135037
81.41030228
81.38928104
81.36828671
81.34731929
81.32637884
81.30548682
81.28460032
81.26374087
81.2429298
81.2221245
81.20136753
81.18061649
81.15991375
81.13923815
81.11858971
81.09794751
81.07735354
81.05678681
81.03624737
81.01573524
80.99525045
80.97481369
80.95438361
80.93398096
80.91360576
80.89327851
80.87295825
80.85266553
80.83242069
80.81218307
80.7919933
80.7718109
80.7516763
80.7315693
80.71146989
80.69141823
80.67139424
80.65139797
80.63140958
80.61146884
80.59155589
80.57167075
80.55181344
