43776.38625
30945.40616
25257.50576
21869.10597
19564.90005
17870.00099
16546.98248
15480.33787
14593.4948
13846.35743
13202.96548
12148.44591
11311.74378
10629.04584
10056.75114
9346.757704
8599.229904
8141.691397
7517.436933
7019.619368
6607.791665
6134.345514
5703.82734
5351.752819
4990.031106
4639.822012
4333.983924
4044.989303
3767.315991
3516.736735
3280.784039
3057.178883
2846.056339
2650.402848
2467.560927
2301.112858
2147.108584
2009.927246
1882.596699
1763.12864
1651.58738
1546.161788
1447.659322
1355.343282
1268.85614
1185.928589
1106.210538
1030.173153
958.7432572
896.6420605
843.2405837
790.5614267
741.2933017
694.0908274
646.0119809
598.2905696
557.3438482
519.7598808
485.5579785
453.4102855
424.1230813
398.4081127
371.8852309
347.2612565
324.4177071
299.9602925
275.2217846
253.3541702
237.6428758
227.2703971
220.1070023
218.125943
219.7713623
219.7090254
217.5288596
215.4242206
212.0580075
212.0782328
213.1361199
219.6415273
233.1766636
252.6078174
278.1254399
302.4908575
328.8772344
357.8864451
385.7333872
407.795781
428.861209
440.7891736
429.4713795
393.8700791
330.1475587
